Warning: Control callbacks may disable some MIP features.
Lazy constraint(s) or lazy constraint callback is present.
    Disabling dual reductions (CPX_PARAM_REDUCE) in presolve.
Clique table members: 78509.
MIP emphasis: balance optimality and feasibility.
MIP search method: traditional branch-and-cut.
Parallel mode: none, using 1 thread.
Root relaxation solution time = 9.92 sec. (4390.35 ticks)

        Nodes                                         Cuts/
   Node  Left     Objective  IInf  Best Integer    Best Bound    ItCnt     Gap         Variable B NodeID Parent  Depth

      0     0      168.9067   229                    168.9067    15862         
*     0+    0                           11.2399      168.9067    15862     --- 
      0     0      166.8068   219       11.2399      Cuts: 10    16109     --- 
      0     0      165.9012    12       11.2399  ZeroHalf: 13    16114     --- 
      0     0      139.9575   658       11.2399 UserPurge1: 75    17478     --- 
      0     0      138.2088   682       11.2399  ZeroHalf: 38    17792     --- 
      0     0      137.5520   681       11.2399      Cuts: 24    17988     --- 
      0     0      137.3889   660       11.2399       Cuts: 9    18121     --- 
      0     0      137.2420   672       11.2399   ZeroHalf: 4    18203     --- 
      0     0      137.1572   685       11.2399   ZeroHalf: 5    18235     --- 
      0     0      137.0446   736       11.2399   ZeroHalf: 6    18306     --- 
      0     0      134.2951   768       11.2399 UserPurge1: 46    18540     --- 
      0     0      133.7669   722       11.2399   ZeroHalf: 4    18787     --- 
      0     0      133.2128   687       11.2399   ZeroHalf: 2    18955     --- 
      0     0      130.7327   690       11.2399 UserPurge1: 44    19153     --- 
      0     0      130.6773   680       11.2399 UserPurge1: 50    19198     --- 
      0     0      130.6360   693       11.2399   ZeroHalf: 2    19225     --- 
      0     0      130.6293   703       11.2399 UserPurge1: 44    19248     --- 
      0     0      130.5999   734       11.2399 UserPurge1: 44    19300     --- 
      0     0      130.5672   716       11.2399   ZeroHalf: 2    19345     --- 
      0     0      130.5107   711       11.2399   ZeroHalf: 2    19395     --- 
      0     0      130.5100   724       11.2399 UserPurge1: 39    19409     --- 
      0     0      130.5097   723       11.2399 UserPurge1: 39    19411     --- 
      0     0      130.5093   742       11.2399 UserPurge1: 39    19416     --- 
      0     0      130.5091   717       11.2399 UserPurge1: 39    19419     --- 
      0     0      130.5090   741       11.2399 UserPurge1: 39    19420     --- 
      0     0      130.5090   765       11.2399 UserPurge1: 39    19421     --- 
      0     0      130.5087   754       11.2399 UserPurge1: 39    19433     --- 
      0     0      130.5084   757       11.2399 UserPurge1: 39    19442     --- 
      0     0      130.5082   751       11.2399 UserPurge1: 39    19447     --- 
      0     0      130.5080   778       11.2399 UserPurge1: 39    19454     --- 
      0     0      130.5077   765       11.2399 UserPurge1: 39    19460     --- 
      0     0      130.5077   784       11.2399 UserPurge1: 39    19462     --- 
      0     0      130.5071   747       11.2399 UserPurge1: 39    19474     --- 
      0     0      130.4986   726       11.2399 UserPurge1: 46    19520     --- 
      0     0      130.4986   738       11.2399 UserPurge1: 39    19521     --- 
      0     0      130.4984   726       11.2399 UserPurge1: 39    19522     --- 
      0     0      130.4984   738       11.2399 UserPurge1: 39    19523     --- 
      0     0      130.4980   732       11.2399 UserPurge1: 39    19526     --- 
      0     0      130.4980   744       11.2399 UserPurge1: 39    19530     --- 
      0     0      130.4979   726       11.2399 UserPurge1: 39    19532     --- 
      0     0      130.4978   738       11.2399 UserPurge1: 37    19533     --- 
      0     0      130.4977   726       11.2399 UserPurge1: 37    19536     --- 
      0     0      130.4977   738       11.2399 UserPurge1: 39    19537     --- 
      0     0      130.4976   726       11.2399 UserPurge1: 39    19538     --- 
      0     0      130.4976   744       11.2399 UserPurge1: 39    19539     --- 
      0     0      130.4975   738       11.2399 UserPurge1: 39    19541     --- 
      0     0      130.4975   756       11.2399 UserPurge1: 39    19542     --- 
      0     0      130.4974   738       11.2399 UserPurge1: 39    19546     --- 
      0     0      130.4974   750       11.2399 UserPurge1: 39    19549     --- 
      0     0      130.4972   732       11.2399 UserPurge1: 39    19552     --- 
      0     0      130.4972   744       11.2399 UserPurge1: 39    19554     --- 
      0     0      130.4971   750       11.2399 UserPurge1: 39    19558     --- 
      0     0      130.4971   762       11.2399 UserPurge1: 39    19560     --- 
      0     0      130.4966   794       11.2399 UserPurge1: 39    19574     --- 
      0     0      130.4958   763       11.2399 UserPurge1: 37    19586     --- 
      0     0      130.4957   744       11.2399 UserPurge1: 39    19589     --- 
      0     0      130.4957   769       11.2399 UserPurge1: 39    19591     --- 
      0     0      130.4956   726       11.2399 UserPurge1: 37    19594     --- 
      0     0      130.4956   774       11.2399 UserPurge1: 39    19603     --- 
      0     0      130.4954   775       11.2399 UserPurge1: 39    19618     --- 
      0     0      130.4954   726       11.2399 UserPurge1: 39    19621     --- 
      0     0      130.4954   804       11.2399 UserPurge1: 39    19623     --- 
      0     0      130.4953   791       11.2399 UserPurge1: 39    19629     --- 
      0     0      130.4951   797       11.2399 UserPurge1: 39    19645     --- 
      0     0      130.4951   805       11.2399 UserPurge1: 39    19655     --- 
      0     0      130.4950   773       11.2399 UserPurge1: 39    19662     --- 
      0     0      130.4950   726       11.2399 UserPurge1: 39    19669     --- 
      0     0      130.4950   750       11.2399 UserPurge1: 39    19670     --- 
      0     0      130.4950   782       11.2399 UserPurge1: 39    19672     --- 
      0     0      130.4948   815       11.2399 UserPurge1: 39    19678     --- 
      0     0      130.4944   811       11.2399 UserPurge1: 39    19697     --- 
      0     0      130.4942   768       11.2399 UserPurge1: 39    19701     --- 
      0     0      130.4941   791       11.2399 UserPurge1: 39    19714     --- 
      0     0      130.4940   726       11.2399 UserPurge1: 39    19724     --- 
      0     0      130.4940   804       11.2399 UserPurge1: 39    19729     --- 
      0     0      130.4937   793       11.2399 UserPurge1: 39    19740     --- 
      0     0      130.4936   805       11.2399 UserPurge1: 39    19751     --- 
      0     0      130.4935   784       11.2399 UserPurge1: 39    19763     --- 
      0     0      130.4934   814       11.2399 UserPurge1: 39    19770     --- 
      0     0      130.4933   809       11.2399 UserPurge1: 39    19780     --- 
      0     0      130.4932   814       11.2399 UserPurge1: 39    19791     --- 
      0     0      130.4932   757       11.2399 UserPurge1: 39    19796     --- 
      0     0      130.4932   835       11.2399 UserPurge1: 39    19800     --- 
      0     0      130.4931   809       11.2399 UserPurge1: 39    19809     --- 
      0     0      130.4930   821       11.2399 UserPurge1: 39    19817     --- 
      0     0      130.4928   827       11.2399 UserPurge1: 39    19843     --- 
      0     0      130.4926   751       11.2399 UserPurge1: 37    19851     --- 
      0     0      130.4925   775       11.2399 UserPurge1: 39    19855     --- 
      0     0      130.4924   814       11.2399 UserPurge1: 39    19860     --- 
      0     0      130.4924   803       11.2399 UserPurge1: 39    19864     --- 
      0     0      130.4924   778       11.2399 UserPurge1: 39    19865     --- 
      0     0      130.4924   845       11.2399 UserPurge1: 39    19871     --- 
      0     0      130.4923   739       11.2399 UserPurge1: 39    19888     --- 
      0     0      130.4922   751       11.2399 UserPurge1: 37    19889     --- 
      0     0      130.4922   729       11.2399 UserPurge1: 39    19893     --- 
      0     0      130.4922   778       11.2399 UserPurge1: 37    19894     --- 
      0     0      130.4922   769       11.2399 UserPurge1: 37    19898     --- 
      0     0      130.4922   809       11.2399 UserPurge1: 37    19900     --- 
      0     0      130.4922   781       11.2399 UserPurge1: 39    19904     --- 
      0     0      130.4921   803       11.2399 UserPurge1: 39    19909     --- 
      0     0      130.4921   809       11.2399 UserPurge1: 39    19914     --- 
      0     0      130.4920   820       11.2399 UserPurge1: 37    19921     --- 
      0     0      130.4919   793       11.2399 UserPurge1: 39    19937     --- 
      0     0      130.4918   845       11.2399 UserPurge1: 39    19948     --- 
      0     0      130.4918   805       11.2399 UserPurge1: 39    19961     --- 
      0     0      130.4917   785       11.2399 UserPurge1: 39    19969     --- 
      0     0      130.4917   829       11.2399 UserPurge1: 39    19973     --- 
      0     0      130.4917   820       11.2399 UserPurge1: 39    19981     --- 
      0     0      130.4916   835       11.2399 UserPurge1: 39    19989     --- 
      0     0      130.4915   802       11.2399 UserPurge1: 39    20009     --- 
      0     0      130.4914   823       11.2399 UserPurge1: 39    20022     --- 
      0     0      130.4914   775       11.2399 UserPurge1: 39    20043     --- 
      0     0      130.4913   860       11.2399 UserPurge1: 39    20047     --- 
      0     0      130.4913   803       11.2399 UserPurge1: 39    20065     --- 
      0     0      130.4912   817       11.2399 UserPurge1: 39    20069     --- 
      0     0      130.4912   850       11.2399 UserPurge1: 39    20079     --- 
      0     0      130.4912   814       11.2399 UserPurge1: 39    20093     --- 
      0     0      130.4912   857       11.2399 UserPurge1: 39    20104     --- 
      0     0      130.4910   821       11.2399 UserPurge1: 39    20136     --- 
      0     0      130.4909   845       11.2399 UserPurge1: 39    20150     --- 
      0     0      130.4906   789       11.2399 UserPurge1: 39    20162     --- 
      0     0      130.4905   841       11.2399 UserPurge1: 39    20167     --- 
      0     0      130.4905   827       11.2399 UserPurge1: 39    20181     --- 
      0     0      130.4904   838       11.2399 UserPurge1: 39    20192     --- 
      0     0      130.4904   851       11.2399 UserPurge1: 39    20203     --- 
      0     0      130.4904   851       11.2399 UserPurge1: 39    20206     --- 
      0     0      130.4903   845       11.2399 UserPurge1: 39    20211     --- 
      0     0      130.4903   863       11.2399 UserPurge1: 39    20218     --- 
      0     0      130.4903   845       11.2399 UserPurge1: 39    20227     --- 
      0     0      130.4899   820       11.2399 UserPurge1: 39    20247     --- 
      0     0      130.4899   857       11.2399 UserPurge1: 39    20254     --- 
      0     0      130.4897   834       11.2399 UserPurge1: 39    20265     --- 
      0     0      130.4896   847       11.2399 UserPurge1: 39    20283     --- 
      0     0      130.4894   850       11.2399 UserPurge1: 39    20302     --- 
      0     0      130.4893   857       11.2399 UserPurge1: 39    20318     --- 
      0     0      130.4892   859       11.2399 UserPurge1: 39    20340     --- 
      0     0      130.4891   829       11.2399 UserPurge1: 39    20354     --- 
      0     0      130.4890   853       11.2399 UserPurge1: 39    20362     --- 
      0     0      130.4890   875       11.2399 UserPurge1: 39    20375     --- 
      0     0      130.4889   821       11.2399 UserPurge1: 39    20389     --- 
      0     0      130.4889   835       11.2399 UserPurge1: 39    20397     --- 
      0     0      130.4888   869       11.2399 UserPurge1: 39    20406     --- 
      0     0      130.4888   851       11.2399 UserPurge1: 39    20418     --- 
      0     0      130.4887   850       11.2399 UserPurge1: 39    20432     --- 
      0     0      130.4886   839       11.2399 UserPurge1: 39    20440     --- 
      0     0      130.4886   833       11.2399 UserPurge1: 39    20448     --- 
      0     0      130.4885   877       11.2399 UserPurge1: 39    20460     --- 
      0     0      130.4885   863       11.2399 UserPurge1: 39    20486     --- 
      0     0      130.4884   881       11.2399 UserPurge1: 39    20501     --- 
      0     0      130.4883   857       11.2399 UserPurge1: 39    20537     --- 
      0     0      130.4882   842       11.2399 UserPurge1: 39    20562     --- 
      0     0      130.4882   743       11.2399 UserPurge1: 39    20577     --- 
      0     0      130.4882   873       11.2399 UserPurge1: 39    20585     --- 
      0     0      130.4881   743       11.2399 UserPurge1: 39    20587     --- 
      0     0      130.4881   861       11.2399 UserPurge1: 39    20593     --- 
      0     0      130.4881   860       11.2399 UserPurge1: 39    20611     --- 
      0     0      130.4881   849       11.2399 UserPurge1: 39    20634     --- 
      0     0      130.4881   877       11.2399 UserPurge1: 39    20646     --- 
      0     0      130.4880   885       11.2399 UserPurge1: 39    20669     --- 
      0     0      130.4879   870       11.2399 UserPurge1: 39    20712     --- 
      0     0      130.4879   841       11.2399 UserPurge1: 39    20726     --- 
      0     0      130.4878   860       11.2399 UserPurge1: 39    20747     --- 
      0     0      130.4878   866       11.2399 UserPurge1: 39    20760     --- 
      0     0      130.4878   899       11.2399 UserPurge1: 39    20777     --- 
      0     0      130.4877   867       11.2399 UserPurge1: 39    20803     --- 
      0     0      130.4877   878       11.2399 UserPurge1: 39    20811     --- 
      0     0      130.4877   879       11.2399 UserPurge1: 39    20835     --- 
      0     0      130.4876   884       11.2399 UserPurge1: 39    20847     --- 
      0     0      130.4876   742       11.2399 UserPurge1: 39    20873     --- 
      0     0      130.4876   874       11.2399 UserPurge1: 39    20877     --- 
      0     0      130.4875   897       11.2399 UserPurge1: 39    20893     --- 
      0     0      130.4875   742       11.2399 UserPurge1: 39    20901     --- 
      0     0      130.4874   884       11.2399 UserPurge1: 39    20907     --- 
      0     0      130.4873   853       11.2399 UserPurge1: 39    20923     --- 
      0     0      130.4872   903       11.2399 UserPurge1: 39    20942     --- 
      0     0      130.4872   914       11.2399 UserPurge1: 39    20951     --- 
      0     0      130.4872   908       11.2399 UserPurge1: 39    20966     --- 
      0     0      130.4871   890       11.2399 UserPurge1: 39    20985     --- 
      0     0      130.4871   891       11.2399 UserPurge1: 39    21002     --- 
      0     0      130.4871   742       11.2399 UserPurge1: 39    21004     --- 
      0     0      130.4871   896       11.2399 UserPurge1: 39    21026     --- 
      0     0      130.4870   743       11.2399 UserPurge1: 39    21036     --- 
      0     0      130.4870   884       11.2399 UserPurge1: 39    21048     --- 
      0     0      130.4870   893       11.2399 UserPurge1: 39    21077     --- 
      0     0      130.4870   895       11.2399 UserPurge1: 39    21106     --- 
      0     0      130.4870   927       11.2399 UserPurge1: 39    21124     --- 
      0     0      130.4870   910       11.2399 UserPurge1: 39    21143     --- 
      0     0      130.4870   873       11.2399 UserPurge1: 39    21158     --- 
      0     0      130.4869   891       11.2399 UserPurge1: 39    21175     --- 
      0     0      130.4869   913       11.2399 UserPurge1: 39    21187     --- 
      0     0      130.4869   896       11.2399 UserPurge1: 39    21204     --- 
      0     0      130.4868   903       11.2399 UserPurge1: 39    21223     --- 
      0     0      130.4868   909       11.2399 UserPurge1: 39    21256     --- 
      0     0      130.4868   896       11.2399 UserPurge1: 39    21282     --- 
      0     0      130.4867   896       11.2399 UserPurge1: 39    21292     --- 
      0     0      130.4867   902       11.2399 UserPurge1: 39    21307     --- 
      0     0      130.4867   921       11.2399 UserPurge1: 39    21321     --- 
      0     0      130.4867   915       11.2399 UserPurge1: 39    21353     --- 
      0     0      130.4866   879       11.2399 UserPurge1: 39    21380     --- 
      0     0      130.4865   915       11.2399 UserPurge1: 39    21409     --- 
      0     0      130.4865   921       11.2399 UserPurge1: 39    21459     --- 
      0     0      130.4864   891       11.2399 UserPurge1: 39    21492     --- 
      0     0      130.4864   897       11.2399 UserPurge1: 39    21506     --- 
      0     0      130.4864   896       11.2399 UserPurge1: 39    21518     --- 
      0     0      130.4863   896       11.2399 UserPurge1: 39    21532     --- 
      0     0      130.4863   932       11.2399 UserPurge1: 39    21566     --- 
      0     0      130.4863   888       11.2399 UserPurge1: 39    21597     --- 
      0     0      130.4863   918       11.2399 UserPurge1: 39    21623     --- 
      0     0      130.4862   942       11.2399 UserPurge1: 39    21654     --- 
      0     0      130.4862   924       11.2399 UserPurge1: 39    21669     --- 
      0     0      130.4862   942       11.2399 UserPurge1: 39    21692     --- 
      0     0      130.4862   924       11.2399 UserPurge1: 39    21728     --- 
      0     0      130.4861   918       11.2399 UserPurge1: 39    21763     --- 
      0     0      130.4861   908       11.2399 UserPurge1: 39    21796     --- 
      0     0      130.4861   914       11.2399 UserPurge1: 39    21822     --- 
      0     0      130.4861   906       11.2399 UserPurge1: 39    21840     --- 
      0     0      130.4861   900       11.2399 UserPurge1: 37    21852     --- 
      0     0      130.4861   894       11.2399 UserPurge1: 39    21863     --- 
      0     0      130.4861   918       11.2399 UserPurge1: 39    21869     --- 
      0     0      130.4860   942       11.2399 UserPurge1: 39    21891     --- 
      0     0      130.4860   912       11.2399 UserPurge1: 39    21921     --- 
      0     0      130.4860   906       11.2399 UserPurge1: 39    21950     --- 
      0     0      130.4860   937       11.2399 UserPurge1: 39    21986     --- 
      0     0      130.4860   924       11.2399 UserPurge1: 39    21998     --- 
      0     0      130.4860   912       11.2399 UserPurge1: 39    22016     --- 
      0     0      130.4860   919       11.2399 UserPurge1: 39    22035     --- 
      0     0      130.4860   948       11.2399 UserPurge1: 39    22049     --- 
      0     0      130.4860   930       11.2399 UserPurge1: 39    22076     --- 
      0     0      130.4859   871       11.2399 UserPurge1: 39    22113     --- 
      0     0      130.4859   922       11.2399 UserPurge1: 39    22148     --- 
      0     0      130.4859   879       11.2399 UserPurge1: 39    22165     --- 
      0     0      130.4859   926       11.2399 UserPurge1: 39    22180     --- 
      0     0      130.4859   886       11.2399 UserPurge1: 39    22201     --- 
      0     0      130.4859   927       11.2399 UserPurge1: 39    22213     --- 
      0     0      130.4859   955       11.2399 UserPurge1: 39    22233     --- 
      0     0      130.4858   936       11.2399 UserPurge1: 39    22273     --- 
      0     0      130.4858   900       11.2399 UserPurge1: 39    22293     --- 
      0     0      130.4858   894       11.2399 UserPurge1: 39    22309     --- 
      0     0      130.4858   965       11.2399 UserPurge1: 39    22326     --- 
      0     0      130.4857   899       11.2399 UserPurge1: 39    22358     --- 
      0     0      130.4857   951       11.2399 UserPurge1: 39    22372     --- 
      0     0      130.4857   957       11.2399 UserPurge1: 39    22399     --- 
      0     0      130.4857   956       11.2399 UserPurge1: 39    22423     --- 
      0     0      130.4857   962       11.2399 UserPurge1: 39    22444     --- 
      0     0      130.4856   951       11.2399 UserPurge1: 39    22483     --- 
      0     0      130.4856   907       11.2399 UserPurge1: 39    22500     --- 
      0     0      130.4856   945       11.2399 UserPurge1: 39    22541     --- 
      0     0      130.4856   960       11.2399 UserPurge1: 39    22566     --- 
      0     0      130.4856   951       11.2399 UserPurge1: 39    22584     --- 
      0     0      130.4856   979       11.2399 UserPurge1: 39    22620     --- 
      0     0      130.4856   969       11.2399 UserPurge1: 39    22656     --- 
      0     0      130.4856   971       11.2399 UserPurge1: 39    22672     --- 
      0     0      130.4855   955       11.2399 UserPurge1: 39    22697     --- 
      0     0      130.4855   928       11.2399 UserPurge1: 39    22766     --- 
      0     0      130.4854   946       11.2399 UserPurge1: 39    22820     --- 
      0     0      130.4854   948       11.2399 UserPurge1: 39    22841     --- 
      0     0      130.4854   939       11.2399 UserPurge1: 39    22870     --- 
      0     0      130.4853   741       11.2399 UserPurge1: 39    22894     --- 
      0     0      130.4853   929       11.2399 UserPurge1: 39    22902     --- 
      0     0      130.4853   945       11.2399 UserPurge1: 39    22957     --- 
      0     0      130.4853   921       11.2399 UserPurge1: 39    22991     --- 
      0     0      130.4852   912       11.2399 UserPurge1: 39    23023     --- 
      0     0      130.4852   935       11.2399 UserPurge1: 39    23059     --- 
      0     0      130.4852   955       11.2399 UserPurge1: 39    23081     --- 
      0     0      130.4852   911       11.2399 UserPurge1: 39    23101     --- 
      0     0      130.4852   953       11.2399 UserPurge1: 39    23134     --- 
      0     2      130.4852   953       11.2399      130.4847    23134     ---                         0             0
Elapsed time = 2067.32 sec. (416424.08 ticks, tree = 0.00 MB, solutions = 1)
      1     3      128.8290   566       11.2399      128.8870    23799     --- x_ENSMUSP0000001 D      1      0      1
      2     4      118.0212   506       11.2399      128.8254    25366     --- x_ENSMUSP0000001 N      2      0      1
      3     5      127.1812   694       11.2399      128.8068    25792     --- x_ENSP0000030211 D      3      1      2
      4     6      111.4762   129       11.2399      127.1730    26110     --- x_ENSP0000030211 U      4      1      2
      5     7      126.9309   760       11.2399      127.1689    27102     --- x_ENSP0000033034 N      5      3      3
      6     8       83.3804   161       11.2399      126.9291    29298     --- x_ENSP0000033034 U      6      3      3
      7     9      126.8319   567       11.2399      126.9279    30419     ---           m_1053 D      7      5      4
      8    10      112.2502    64       11.2399      126.8212    31216     ---           m_1053 U      8      5      4
      9    11      122.8427   730       11.2399      126.7773    32161     --- x_ENSP0000032946 N      9      7      5
     10    12      110.1215    61       11.2399      122.8414    33483  992.90%x_ENSP0000032946 U     10      7      5
Elapsed time = 2438.58 sec. (538279.39 ticks, tree = 12.48 MB, solutions = 1)
     13    15      108.6451   228       11.2399      122.8414    33841  992.90%x_ENSMUSP0000009 D     13     11      7
     14    16      104.5170   545       11.2399      122.8414    34864  992.90%x_ENSMUSP0000000 N     14     13      8
     16    18      104.5829     7       11.2399      122.8414    35196  992.90%x_ENSP0000033939 U     16     15      9
     19    21      106.8343    32       11.2399      122.8414    35746  992.90%x_ENSMUSP0000002 D     19     17     10
     20    22       86.1222   463       11.2399      122.8414    37598  992.90%x_ENSMUSP0000009 N     20     19     11
     21    23       65.4026    55       11.2399      122.8414    38722  992.90%x_ENSMUSP0000009 U     21     19     11
     22    24       86.0974   408       11.2399      122.8414    38745  992.90%x_ENSP0000029641 D     22     20     12
     23    25       82.5804    66       11.2399      122.8414    39213  992.90%x_ENSP0000029641 U     23     20     12
     24    26       85.7747   401       11.2399      122.8414    39485  992.90%x_ENSMUSP0000002 D     24     22     13
     25    27       85.8059   405       11.2399      122.8414    39699  992.90%x_ENSMUSP0000002 U     25     22     13
Elapsed time = 2726.55 sec. (698865.00 ticks, tree = 20.62 MB, solutions = 1)
     26    28       85.3238   412       11.2399      122.8414    40148  992.90%x_ENSP0000035770 U     26     25     14
     27    29       85.3342   324       11.2399      122.8414    40455  992.90%x_ENSP0000035770 N     27     25     14
     28    30       85.0865   286       11.2399      122.8414    40560  992.90%z_ENSMUSP0000005 D     28     27     15
*    29+   29                           14.9084      122.8414    41513  723.97%
     29    31       44.9515    14       14.9084      122.8414    41513  723.97%z_ENSMUSP0000005 U     29     27     15
     31    33       84.9113   256       14.9084      122.8414    41624  723.97%x_ENSP0000028162 D     31     30     17
     32    34       80.7132   246       14.9084      122.8414    41898  723.97%x_ENSP0000028162 U     32     30     17
     33    35       79.9898    14       14.9084      122.8414    42034  723.97%x_ENSMUSP0000007 U     33     32     18
     34    36       77.6138   317       14.9084      122.8414    42275  723.97%x_ENSMUSP0000007 D     34     32     18
     35    37       76.5185   255       14.9084      122.8414    42559  723.97%x_ENSP0000028942 N     35     33     19
     36    38       65.2483    72       14.9084      122.8414    42981  723.97%x_ENSP0000028942 U     36     33     19
Elapsed time = 2934.58 sec. (808143.01 ticks, tree = 20.94 MB, solutions = 2)
     38    40       52.8677    86       14.9084      122.8414    43515  723.97%x_ENSP0000022146 D     38     36     20
     41    43       53.0964    30       14.9084      122.8414    43663  723.97%x_ENSMUSP0000002 U     41     39     22
     42    42        cutoff             14.9084      122.8414    43676  723.97%x_ENSMUSP0000004 U     42     41     23
     44    42      120.0442   656       14.9084      122.7292    44271  723.22%y_ENSMUSP0000005 D     44      9      6
     45    43      118.1941   381       14.9084      122.7292    44956  723.22%x_ENSMUSP0000004 U     45     44      7
     46    44      117.3252   645       14.9084      122.7292    45525  723.22%x_ENSMUSP0000002 N     46     45      8
     47    45      117.3242   490       14.9084      122.7292    45531  723.22%x_ENSP0000029641 D     47     46      9
     48    46      116.9617   432       14.9084      122.7292    45703  723.22%x_ENSP0000028162 D     48     47     10
     49    47      112.8768   487       14.9084      122.7292    46175  723.22%x_ENSP0000028162 U     49     47     10
     50    48      116.8675   449       14.9084      122.7292    46318  723.22%x_ENSMUSP0000009 D     50     48     11
Elapsed time = 3182.91 sec. (948010.10 ticks, tree = 19.68 MB, solutions = 2)
     51    49      115.7407   416       14.9084      122.7292    46470  723.22%x_ENSMUSP0000009 U     51     48     11
     52    50      113.2213   272       14.9084      122.7292    46904  723.22%x_ENSP0000033939 D     52     51     12
     53    51      112.5471   469       14.9084      122.7292    47630  723.22%x_ENSP0000033939 U     53     51     12
     55    53       98.6766    15       14.9084      122.7292    50294  723.22%x_ENSP0000038242 U     55     53     13
     56    54      105.3966   504       14.9084      122.7292    51091  723.22%x_ENSP0000035770 N     56     54     14
     57    55      104.9526   536       14.9084      122.7292    51518  723.22%x_ENSMUSP0000012 D     57     56     15
     58    56       78.4090   380       14.9084      122.7292    52863  723.22%x_ENSMUSP0000012 U     58     56     15
     59    57      104.8652   524       14.9084      122.7292    53688  723.22%x_ENSMUSP0000010 D     59     57     16
     60    58       91.9913    63       14.9084      122.7292    53972  723.22%x_ENSMUSP0000010 U     60     57     16
     62    60       96.8215   465       14.9084      122.7292    54314  723.22%x_ENSP0000036185 U     62     59     17
Elapsed time = 3401.98 sec. (1051309.06 ticks, tree = 23.25 MB, solutions = 2)
     64    62      103.7662   540       14.9084      122.7292    54525  723.22%x_ENSMUSP0000004 D     64     63     19
     65    63       95.9821   343       14.9084      122.7292    55127  723.22%x_ENSMUSP0000004 U     65     63     19
     67    65       94.4683   563       14.9084      122.7292    55847  723.22%x_ENSP0000028675 N     67     66     21
     68    66       70.7930    90       14.9084      122.7292    56248  723.22%x_ENSP0000028675 U     68     66     21
     69    67       93.6539   367       14.9084      122.7292    56809  723.22%x_ENSMUSP0000002 D     69     67     22
     70    68       90.3910   402       14.9084      122.7292    57053  723.22%x_ENSMUSP0000002 U     70     67     22
     71    69       93.1798   400       14.9084      122.7292    57341  723.22%x_ENSP0000029217 D     71     69     23
     72    70       68.3031    54       14.9084      122.7292    57812  723.22%x_ENSP0000029217 U     72     69     23
     73    71       92.6566   442       14.9084      122.7292    58196  723.22%x_ENSMUSP0000000 D     73     71     24
     74    72       84.5894   420       14.9084      122.7292    58607  723.22%x_ENSMUSP0000000 U     74     71     24
Elapsed time = 3655.86 sec. (1159597.72 ticks, tree = 23.61 MB, solutions = 2)
     75    73       83.2186   256       14.9084      122.7292    58781  723.22%x_ENSP0000036573 D     75     74     25
     76    74       65.9860   185       14.9084      122.7292    59415  723.22%x_ENSP0000036573 U     76     74     25
     78    76       80.8330   275       14.9084      122.7292    59877  723.22%mm_ENSP000003570 U     78     75     26
     79    77       69.1322   512       14.9084      122.7292    61128  723.22%x_ENSMUSP0000011 N     79     78     27
     80    78       57.9160   289       14.9084      122.7292    61772  723.22%x_ENSMUSP0000011 U     80     78     27
     81    79       66.7960   451       14.9084      122.7292    62207  723.22%x_ENSP0000025749 D     81     79     28
     82    80       47.1158    36       14.9084      122.7292    62671  723.22%x_ENSP0000025749 U     82     79     28
     83    81       66.7689   364       14.9084      122.7292    62695  723.22%z_ENSMUSP0000005 D     83     81     29
     84    82       66.0306   329       14.9084      122.7292    62903  723.22%          m_3147 D     84     83     30
     85    83       20.8338    54       14.9084      122.7292    63947  723.22%          m_3147 U     85     83     30
Elapsed time = 3936.94 sec. (1307188.49 ticks, tree = 27.17 MB, solutions = 2)
     87    85       65.4358   226       14.9084      122.7292    64196  723.22%x_ENSMUSP0000003 D     87     86     32
     88    86       62.1384    18       14.9084      122.7292    64513  723.22%x_ENSMUSP0000003 U     88     86     32
     90    88       61.5849    96       14.9084      122.7292    64875  723.22%x_ENSMUSP0000000 U     90     87     33
     91    89       65.1989   228       14.9084      122.7292    65028  723.22%x_ENSP0000028035 D     91     89     34
     92    90       42.3559   805       14.9084      122.7292    67437  723.22%x_ENSP0000036771 N     92     91     35
     93    91       38.6691   338       14.9084      122.7292    68880  723.22%x_ENSP0000036771 U     93     91     35
     94    92       37.3492   313       14.9084      122.7292    69053  723.22%x_ENSMUSP0000007 D     94     93     36
     95    93       36.0123   190       14.9084      122.7292    69186  723.22%x_ENSMUSP0000007 U     95     93     36
     97    95       23.7105   172       14.9084      122.7292    69950  723.22%x_ENSP0000036026 U     97     96     38
     98    96       32.0052   229       14.9084      122.7292    70547  723.22%x_ENSP0000036026 D     98     96     38
Elapsed time = 4313.35 sec. (1520863.53 ticks, tree = 27.57 MB, solutions = 2)
     99    97       31.2903   252       14.9084      122.7292    70654  723.22%y_ENSP0000027452 U     99     98     39
    101    99       21.2690   138       14.9084      122.7292    71209  723.22%x_ENSP0000035849 U    101     99     40
    103   101       29.5970   166       14.9084      122.7292    71244  723.22%x_ENSP0000036834 U    103    100     41
    104   102       30.9374   162       14.9084      122.7292    71272  723.22%x_ENSP0000024716 D    104    102     42
    106   104       23.5150   705       14.9084      122.7292    72809  723.22%x_ENSMUSP0000002 N    106    104     43
    107   105       23.3416   353       14.9084      122.7292    73029  723.22%x_ENSMUSP0000005 D    107    106     44
    108   106       22.7885   251       14.9084      122.7292    73142  723.22%x_ENSMUSP0000005 U    108    106     44
    109   107       22.1425   286       14.9084      122.7292    73340  723.22%x_ENSP0000025495 D    109    107     45
    110   108       21.0076    85       14.9084      122.7292    73859  723.22%x_ENSP0000025495 U    110    107     45
    111   109       22.1214   268       14.9084      122.7292    73908  723.22%x_ENSP0000031646 D    111    109     46
Elapsed time = 4693.08 sec. (1754814.08 ticks, tree = 27.93 MB, solutions = 2)
    112   110       18.4495   245       14.9084      122.7292    73999  723.22%x_ENSP0000031646 U    112    109     46
    113   111       21.0596   257       14.9084      122.7292    74242  723.22%mm_ENSMUSP000000 D    113    111     47
    114   112       20.4977   185       14.9084      122.7292    74522  723.22%mm_ENSMUSP000000 U    114    111     47
    115   113       20.1756   246       14.9084      122.7292    74765  723.22%x_ENSP0000034809 D    115    114     48
    116   114       19.0560   233       14.9084      122.7292    74915  723.22%y_ENSMUSP0000001 D    116    115     49
    118   115       17.4409   610       14.9084      122.7292    75278  723.22%x_ENSMUSP0000002 U    118    116     50
    120   116       16.9966   443       14.9084      122.7292    75407  723.22%x_ENSMUSP0000002 D    120    119     52
    121   115        cutoff             14.9084      122.7292    76537  723.22%x_ENSMUSP0000000 N    121    120     53
    122   114        cutoff             14.9084      120.0259    77734  705.09%y_ENSMUSP0000005 U    122      9      6
    123   115      117.4263   664       14.9084      118.1701    78175  692.64%x_ENSMUSP0000004 D    123     44      7
Elapsed time = 5104.65 sec. (2023927.59 ticks, tree = 26.61 MB, solutions = 2)
    125   117      112.9856   562       14.9084      118.1701    79234  692.64%          m_3147 D    125    124      9
    126   118      109.8493   553       14.9084      118.1701    79721  692.64%x_ENSP0000036573 D    126    125     10
    127   119      107.3939   711       14.9084      118.1701    80099  692.64%x_ENSMUSP0000011 D    127    126     11
    130   122      104.6322   214       14.9084      118.1701    81921  692.64%x_ENSP0000036026 D    130    129     14
    131   123      103.3393   145       14.9084      118.1701    82469  692.64%x_ENSP0000036771 D    131    130     15
    133   125      102.6247   152       14.9084      118.1701    83540  692.64%x_ENSMUSP0000007 D    133    132     17
    135   127       87.2230    61       14.9084      118.1701    88343  692.64%x_ENSP0000033297 U    135    134     19
    136   128       87.1893   218       14.9084      118.1701    88534  692.64%x_ENSMUSP0000002 U    136    135     20
    138   130       78.6646   392       14.9084      118.1701    98149  692.64%x_ENSP0000036259 N    138    137     22
    139   131       78.6150   320       14.9084      118.1701    98332  692.64%x_ENSMUSP0000002 D    139    138     23
Elapsed time = 6229.45 sec. (2454384.28 ticks, tree = 27.11 MB, solutions = 2)
    140   132       78.4608   326       14.9084      118.1701    99013  692.64%x_ENSP0000024545 D    140    139     24
    141   133       78.3778   308       14.9084      118.1701    99879  692.64%x_ENSP0000025495 D    141    140     25
    142   134       78.0161    72       14.9084      118.1701   100936  692.64%x_ENSMUSP0000008 D    142    141     26
    143   135       77.8347   114       14.9084      118.1701   101845  692.64%x_ENSP0000029387 D    143    142     27
    145   137       77.7865   108       14.9084      118.1701   102335  692.64%x_ENSMUSP0000010 D    145    144     29
    146   138       77.2391   236       14.9084      118.1701   104202  692.64%x_ENSMUSP0000005 D    146    145     30
    148   140       77.1702   198       14.9084      118.1701   105038  692.64%x_ENSMUSP0000002 D    148    147     32
    151   143       77.1003   120       14.9084      118.1701   105735  692.64%x_ENSMUSP0000005 D    151    150     35
    153   145       76.9771   108       14.9084      118.1701   106714  692.64%x_ENSP0000033438 D    153    152     37
    155   147       74.9553   380       14.9084      118.1701   119233  692.64%x_ENSMUSP0000009 N    155    154     39
Elapsed time = 7237.80 sec. (2774406.90 ticks, tree = 27.61 MB, solutions = 2)
    156   148       74.9517   362       14.9084      118.1701   119308  692.64%x_ENSP0000036185 D    156    155     40
    158   150       74.9305   338       14.9084      118.1701   119581  692.64%x_ENSP0000032680 D    158    157     42
    159   151       74.9170   320       14.9084      118.1701   119710  692.64%x_ENSMUSP0000000 D    159    158     43
    160   152       74.8971   296       14.9084      118.1701   120118  692.64%x_ENSP0000032663 D    160    159     44
    162   154       74.6093   260       14.9084      118.1701   121430  692.64%x_ENSP0000033105 D    162    161     46
    163   155       74.5793   264       14.9084      118.1701   121917  692.64%x_ENSMUSP0000000 D    163    162     47
    165   157       74.5356   290       14.9084      118.1701   122563  692.64%x_ENSMUSP0000002 D    165    164     49
    166   158       74.3800   290       14.9084      118.1701   123432  692.64%x_ENSMUSP0000002 D    166    165     50
    167   159       74.2849   327       14.9084      118.1701   124358  692.64%x_ENSP0000034644 D    167    166     51
    168   160       74.2159   332       14.9084      118.1701   125273  692.64%x_ENSP0000032680 D    168    167     52
Elapsed time = 7763.05 sec. (3041338.09 ticks, tree = 28.01 MB, solutions = 2)
    170   162       74.1508   192       14.9084      118.1701   126123  692.64%x_ENSP0000036845 D    170    169     54
    171   163       73.8369   168       14.9084      118.1701   128152  692.64%x_ENSMUSP0000002 D    171    170     55
    172   164       73.7681   168       14.9084      118.1701   129281  692.64%x_ENSMUSP0000003 U    172    171     56
    173   165       72.2889   150       14.9084      118.1701   131298  692.64%x_ENSMUSP0000004 N    173    172     57
    174   166       72.1453   132       14.9084      118.1701   131890  692.64%x_ENSP0000036396 D    174    173     58
    175   167       71.1487   132       14.9084      118.1701   134830  692.64%x_ENSMUSP0000011 D    175    174     59
    176   168       71.1357   126       14.9084      118.1701   135687  692.64%x_ENSMUSP0000007 U    176    175     60
    177   169       70.0152   108       14.9084      118.1701   138223  692.64%x_ENSMUSP0000010 D    177    176     61
    178   170       69.5417   126       14.9084      118.1701   140478  692.64%x_ENSP0000038103 D    178    177     62
    179   171       68.7478   108       14.9084      118.1701   141880  692.64%x_ENSP0000026241 D    179    178     63
Elapsed time = 8718.81 sec. (3434121.85 ticks, tree = 28.36 MB, solutions = 2)
    181   173       67.3751   144       14.9084      118.1701   148664  692.64%x_ENSP0000037726 U    181    180     65
    182   174       66.6588   221       14.9084      118.1701   151771  692.64%x_ENSMUSP0000011 D    182    181     66
    183   175       66.6119   221       14.9084      118.1701   153757  692.64%x_ENSP0000032489 D    183    182     67
    184   176       60.6092    67       14.9084      118.1701   160867  692.64%x_ENSMUSP0000009 U    184    183     68
    185   177       59.7160    37       14.9084      118.1701   165138  692.64%x_ENSP0000035849 D    185    184     69
    186   178       59.7017    37       14.9084      118.1701   165353  692.64%x_ENSMUSP0000003 D    186    185     70
    187   179       58.9789    98       14.9084      118.1701   171748  692.64%x_ENSMUSP0000000 D    187    186     71
    188   180       58.8361   134       14.9084      118.1701   173559  692.64%x_ENSMUSP0000002 D    188    187     72
    189   181       58.7721    67       14.9084      118.1701   175019  692.64%x_ENSP0000034118 D    189    188     73
    190   182       57.1302    82       14.9084      118.1701   184838  692.64%x_ENSP0000034447 U    190    189     74
Elapsed time = 10433.44 sec. (4100459.24 ticks, tree = 28.70 MB, solutions = 2)
    192   184       49.0323   103       14.9084      118.1701   220200  692.64%x_ENSP0000035711 N    192    191     76
    193   185       49.0289   271       14.9084      118.1701   220449  692.64%x_ENSP0000037851 U    193    192     77
    194   186       49.0212   236       14.9084      118.1701   221072  692.64%x_ENSP0000035251 D    194    193     78
    195   187       49.0177   251       14.9084      118.1701   221203  692.64%x_ENSP0000034534 D    195    194     79
    196   188       49.0063   223       14.9084      118.1701   221727  692.64%x_ENSMUSP0000010 D    196    195     80

Zero-half cuts applied:  28
User cuts applied:  19743

Root node processing (before b&c):
  Real time             = 2067.33 sec. (416418.69 ticks)
Sequential b&c:
  Real time             = 9937.46 sec. (4189351.72 ticks)
                          ------------
Total (root+branch&cut) = 12004.79 sec. (4605770.41 ticks)
Solved in 12009.2s
	Command being timed: "timeout 12500s /home/hsoueidan/xheinz/build/xHeinz_git_user_cuts -n1 48h/mouse_MA_scores_0.01_corrected_ensp_induced.tsv -n2 48h/human_MA_scores_0.01_corrected_ensp_induced.tsv -e1 /home/hsoueidan/xheinz/data/Th17/STRING/mmu-no_UBC.txt -e2 /home/hsoueidan/xheinz/data/Th17/STRING/hsa-no_UBC_no_SUMO2.txt -t 12000 -rt 2000 -cog data/ensembl_cog_ALL.tsv -a 0.96"
	User time (seconds): 11942.82
	System time (seconds): 102.28
	Percent of CPU this job got: 99%
	Elapsed (wall clock) time (h:mm:ss or m:ss): 3:20:45
	Average shared text size (kbytes): 0
	Average unshared data size (kbytes): 0
	Average stack size (kbytes): 0
	Average total size (kbytes): 0
	Maximum resident set size (kbytes): 19801840
	Average resident set size (kbytes): 0
	Major (requiring I/O) page faults: 0
	Minor (reclaiming a frame) page faults: 8783058
	Voluntary context switches: 488
	Involuntary context switches: 15109
	Swaps: 0
	File system inputs: 0
	File system outputs: 16
	Socket messages sent: 0
	Socket messages received: 0
	Signals delivered: 0
	Page size (bytes): 4096
	Exit status: 0
