Warning: Control callbacks may disable some MIP features.
Lazy constraint(s) or lazy constraint callback is present.
    Disabling dual reductions (CPX_PARAM_REDUCE) in presolve.
Clique table members: 78509.
MIP emphasis: balance optimality and feasibility.
MIP search method: traditional branch-and-cut.
Parallel mode: none, using 1 thread.
Root relaxation solution time = 8.57 sec. (3879.89 ticks)

        Nodes                                         Cuts/
   Node  Left     Objective  IInf  Best Integer    Best Bound    ItCnt     Gap         Variable B NodeID Parent  Depth

      0     0      193.0731   194                    193.0731    15824         
*     0+    0                           11.2399      193.0731    15824     --- 
      0     0      186.4131   101       11.2399      Cuts: 49    16051     --- 
      0     0      186.2180     2       11.2399   ZeroHalf: 1    16090     --- 
      0     0      163.3236   495       11.2399 UserPurge1: 92    17144     --- 
      0     0      158.7672   497       11.2399 ZeroHalf: 345    17570     --- 
      0     0      158.0988   395       11.2399  ZeroHalf: 84    17716     --- 
      0     0      157.4061   718       11.2399      Cuts: 71    17933     --- 
      0     0      156.2718   738       11.2399  ZeroHalf: 23    18204     --- 
      0     0      155.9408   655       11.2399  ZeroHalf: 12    18340     --- 
      0     0      155.6485   651       11.2399  ZeroHalf: 16    18446     --- 
      0     0      155.2405   763       11.2399      Cuts: 37    18563     --- 
      0     0      155.1078   745       11.2399   ZeroHalf: 1    18620     --- 
      0     0      151.4241   762       11.2399 UserPurge1: 48    18743     --- 
      0     0      151.2772   769       11.2399       Cuts: 3    18830     --- 
      0     0      151.1588   769       11.2399   ZeroHalf: 3    18880     --- 
      0     0      151.0680   746       11.2399   ZeroHalf: 5    18950     --- 
      0     0      150.4737   783       11.2399      Cuts: 34    19153     --- 
      0     0      150.3142   794       11.2399   ZeroHalf: 2    19252     --- 
      0     0      150.2871   805       11.2399 UserPurge1: 7    19311     --- 
      0     0      150.2540   811       11.2399   ZeroHalf: 2    19351     --- 
      0     0      149.9960   756       11.2399   ZeroHalf: 3    19496     --- 
      0     0      149.9674   768       11.2399 UserPurge1: 4    19528     --- 
      0     0      149.9631   780       11.2399 UserPurge1: 34    19544     --- 
      0     0      149.9630   781       11.2399 UserPurge1: 34    19547     --- 
      0     0      149.9621   780       11.2399 UserPurge1: 34    19551     --- 
      0     0      149.9618   798       11.2399 UserPurge1: 34    19562     --- 
      0     0      149.9609   805       11.2399 UserPurge1: 34    19565     --- 
      0     0      149.9606   774       11.2399 UserPurge1: 34    19569     --- 
      0     0      149.9601   805       11.2399 UserPurge1: 34    19574     --- 
      0     0      149.9589   804       11.2399 UserPurge1: 34    19585     --- 
      0     0      149.9577   810       11.2399 UserPurge1: 34    19595     --- 
      0     0      149.9574   817       11.2399 UserPurge1: 34    19601     --- 
      0     0      149.9571   823       11.2399 UserPurge1: 34    19610     --- 
      0     0      149.9565   828       11.2399 UserPurge1: 34    19619     --- 
      0     0      149.9560   817       11.2399 UserPurge1: 34    19626     --- 
      0     0      149.9558   829       11.2399 UserPurge1: 34    19629     --- 
      0     0      149.9552   824       11.2399 UserPurge1: 34    19644     --- 
      0     0      149.9549   842       11.2399 UserPurge1: 34    19650     --- 
      0     0      149.9545   836       11.2399 UserPurge1: 34    19654     --- 
      0     0      149.9541   817       11.2399 UserPurge1: 34    19660     --- 
      0     0      149.9535   861       11.2399 UserPurge1: 34    19672     --- 
      0     0      149.9528   860       11.2399 UserPurge1: 34    19689     --- 
      0     0      149.9525   873       11.2399 UserPurge1: 34    19699     --- 
      0     0      149.9512   841       11.2399 UserPurge1: 34    19719     --- 
      0     0      149.9501   828       11.2399 UserPurge1: 34    19738     --- 
      0     0      149.9499   841       11.2399 UserPurge1: 34    19743     --- 
      0     0      149.9497   835       11.2399 UserPurge1: 34    19752     --- 
      0     0      149.9496   847       11.2399 UserPurge1: 34    19769     --- 
      0     0      149.9493   846       11.2399 UserPurge1: 34    19779     --- 
      0     0      149.9488   834       11.2399 UserPurge1: 34    19794     --- 
      0     0      149.9487   878       11.2399 UserPurge1: 34    19801     --- 
      0     0      149.9483   846       11.2399 UserPurge1: 34    19817     --- 
      0     0      149.9481   879       11.2399 UserPurge1: 34    19829     --- 
      0     0      149.9474   873       11.2399 UserPurge1: 34    19847     --- 
      0     0      149.9465   835       11.2399 UserPurge1: 34    19860     --- 
      0     0      149.9462   853       11.2399 UserPurge1: 34    19870     --- 
      0     0      149.9458   859       11.2399 UserPurge1: 34    19876     --- 
      0     0      149.9446   879       11.2399 UserPurge1: 34    19903     --- 
      0     0      149.9434   840       11.2399 UserPurge1: 34    19923     --- 
      0     0      149.9429   853       11.2399 UserPurge1: 34    19933     --- 
      0     0      149.9426   859       11.2399 UserPurge1: 34    19942     --- 
      0     0      149.9422   878       11.2399 UserPurge1: 34    19954     --- 
      0     0      149.9419   879       11.2399 UserPurge1: 34    19964     --- 
      0     0      149.9417   890       11.2399 UserPurge1: 34    19978     --- 
      0     0      149.9412   865       11.2399 UserPurge1: 34    19988     --- 
      0     0      149.9407   859       11.2399 UserPurge1: 34    19999     --- 
      0     0      149.9405   865       11.2399 UserPurge1: 34    20012     --- 
      0     0      149.9398   871       11.2399 UserPurge1: 34    20031     --- 
      0     0      149.9389   891       11.2399 UserPurge1: 34    20047     --- 
      0     0      149.9386   891       11.2399 UserPurge1: 34    20057     --- 
      0     0      149.9383   853       11.2399 UserPurge1: 34    20069     --- 
      0     0      149.9380   897       11.2399 UserPurge1: 34    20080     --- 
      0     0      149.9379   877       11.2399 UserPurge1: 34    20086     --- 
      0     0      149.9369   890       11.2399 UserPurge1: 34    20112     --- 
      0     0      149.9367   885       11.2399 UserPurge1: 35    20119     --- 
      0     0      149.9364   859       11.2399 UserPurge1: 34    20131     --- 
      0     0      149.9362   891       11.2399 UserPurge1: 36    20140     --- 
      0     0      149.9362   903       11.2399 UserPurge1: 34    20149     --- 
      0     0      149.9360   915       11.2399 UserPurge1: 34    20164     --- 
      0     0      149.9342   891       11.2399 UserPurge1: 36    20209     --- 
      0     0      149.9339   892       11.2399 UserPurge1: 34    20229     --- 
      0     0      149.9334   897       11.2399 UserPurge1: 36    20247     --- 
      0     0      149.9331   892       11.2399 UserPurge1: 34    20262     --- 
      0     0      149.9328   872       11.2399 UserPurge1: 34    20267     --- 
      0     0      149.9324   909       11.2399 UserPurge1: 34    20278     --- 
      0     0      149.9321   928       11.2399 UserPurge1: 34    20303     --- 
      0     0      149.9314   934       11.2399 UserPurge1: 34    20339     --- 
      0     0      149.9310   871       11.2399 UserPurge1: 34    20356     --- 
      0     0      149.9307   909       11.2399 UserPurge1: 34    20363     --- 
      0     0      149.9305   910       11.2399 UserPurge1: 34    20370     --- 
      0     0      149.9300   914       11.2399 UserPurge1: 34    20379     --- 
      0     0      149.9298   934       11.2399 UserPurge1: 34    20397     --- 
      0     0      149.9291   871       11.2399 UserPurge1: 34    20431     --- 
      0     0      149.9285   859       11.2399 UserPurge1: 34    20444     --- 
      0     0      149.9282   892       11.2399 UserPurge1: 34    20457     --- 
      0     0      149.9279   860       11.2399 UserPurge1: 34    20471     --- 
      0     0      149.9272   883       11.2399 UserPurge1: 34    20496     --- 
      0     0      149.9270   910       11.2399 UserPurge1: 34    20506     --- 
      0     0      149.9268   917       11.2399 UserPurge1: 34    20518     --- 
      0     0      149.9263   883       11.2399 UserPurge1: 34    20536     --- 
      0     0      149.9262   885       11.2399 UserPurge1: 34    20547     --- 
      0     0      149.9260   927       11.2399 UserPurge1: 34    20560     --- 
      0     0      149.9251   896       11.2399 UserPurge1: 34    20588     --- 
      0     0      149.9247   902       11.2399 UserPurge1: 34    20597     --- 
      0     0      149.9244   879       11.2399 UserPurge1: 34    20611     --- 
      0     0      149.9241   897       11.2399 UserPurge1: 34    20630     --- 
      0     0      149.9238   879       11.2399 UserPurge1: 34    20648     --- 
      0     0      149.9237   873       11.2399 UserPurge1: 34    20657     --- 
      0     0      149.9237   885       11.2399 UserPurge1: 34    20664     --- 
      0     0      149.9237   891       11.2399 UserPurge1: 34    20671     --- 
      0     0      149.9236   929       11.2399 UserPurge1: 34    20681     --- 
      0     0      149.9235   947       11.2399 UserPurge1: 34    20692     --- 
      0     0      149.9224   929       11.2399 UserPurge1: 34    20713     --- 
      0     0      149.9216   942       11.2399 UserPurge1: 34    20736     --- 
      0     0      149.9213   947       11.2399 UserPurge1: 34    20749     --- 
      0     0      149.9206   947       11.2399 UserPurge1: 34    20767     --- 
      0     0      149.9204   897       11.2399 UserPurge1: 34    20783     --- 
      0     0      149.9199   904       11.2399 UserPurge1: 34    20794     --- 
      0     0      149.9194   929       11.2399 UserPurge1: 34    20817     --- 
      0     0      149.9187   940       11.2399 UserPurge1: 34    20843     --- 
      0     0      149.9186   965       11.2399 UserPurge1: 34    20878     --- 
      0     0      149.9183   965       11.2399 UserPurge1: 34    20891     --- 
      0     0      149.9181   941       11.2399 UserPurge1: 34    20902     --- 
      0     0      149.9178   909       11.2399 UserPurge1: 34    20924     --- 
      0     0      149.9174   953       11.2399 UserPurge1: 34    20947     --- 
      0     0      149.9170   965       11.2399 UserPurge1: 34    20971     --- 
      0     0      149.9162   941       11.2399 UserPurge1: 34    20991     --- 
      0     0      149.9160   914       11.2399 UserPurge1: 34    21006     --- 
      0     0      149.9156   953       11.2399 UserPurge1: 34    21016     --- 
      0     0      149.9153   921       11.2399 UserPurge1: 34    21039     --- 
      0     0      149.9151   933       11.2399 UserPurge1: 34    21053     --- 
      0     0      149.9149   921       11.2399 UserPurge1: 34    21075     --- 
      0     0      149.9147   924       11.2399 UserPurge1: 34    21082     --- 
      0     0      149.9140   935       11.2399 UserPurge1: 34    21130     --- 
      0     0      149.9139   965       11.2399 UserPurge1: 34    21137     --- 
      0     0      149.9137   947       11.2399 UserPurge1: 34    21148     --- 
      0     0      149.9137   965       11.2399 UserPurge1: 34    21154     --- 
      0     0      149.9135   962       11.2399 UserPurge1: 34    21167     --- 
      0     0      149.9133   981       11.2399 UserPurge1: 34    21178     --- 
      0     0      149.9133   965       11.2399 UserPurge1: 34    21191     --- 
      0     0      149.9132   953       11.2399 UserPurge1: 34    21199     --- 
      0     0      149.9131   989       11.2399 UserPurge1: 34    21208     --- 
      0     0      149.9125   931       11.2399 UserPurge1: 34    21249     --- 
      0     0      149.9123   903       11.2399 UserPurge1: 34    21259     --- 
      0     0      149.9119   953       11.2399 UserPurge1: 34    21278     --- 
      0     0      149.9119   959       11.2399 UserPurge1: 34    21286     --- 
      0     0      149.9116   947       11.2399 UserPurge1: 34    21305     --- 
      0     0      149.9111   975       11.2399 UserPurge1: 34    21329     --- 
      0     0      149.9105   931       11.2399 UserPurge1: 34    21341     --- 
      0     0      149.9101   933       11.2399 UserPurge1: 34    21354     --- 
      0     0      149.9093   931       11.2399 UserPurge1: 34    21372     --- 
      0     0      149.9087   993       11.2399 UserPurge1: 34    21388     --- 
      0     0      149.9085   977       11.2399 UserPurge1: 34    21409     --- 
      0     0      149.9080   967       11.2399 UserPurge1: 34    21446     --- 
      0     0      149.9065   953       11.2399 UserPurge1: 34    21506     --- 
      0     0      149.9061   960       11.2399 UserPurge1: 34    21521     --- 
      0     0      149.9056   947       11.2399 UserPurge1: 35    21534     --- 
      0     0      149.9054   953       11.2399 UserPurge1: 34    21550     --- 
      0     0      149.9050   952       11.2399 UserPurge1: 34    21570     --- 
      0     0      149.9048   965       11.2399 UserPurge1: 34    21579     --- 
      0     0      149.9045   965       11.2399 UserPurge1: 34    21599     --- 
      0     0      149.9042   952       11.2399 UserPurge1: 34    21615     --- 
      0     0      149.9039   946       11.2399 UserPurge1: 34    21633     --- 
      0     0      149.9037   971       11.2399 UserPurge1: 34    21646     --- 
      0     0      149.9023   936       11.2399 UserPurge1: 34    21709     --- 
      0     0      149.9019   961       11.2399 UserPurge1: 34    21718     --- 
      0     0      149.9018   934       11.2399 UserPurge1: 34    21727     --- 
      0     0      149.9014   971       11.2399 UserPurge1: 34    21746     --- 
      0     0      149.9009   967       11.2399 UserPurge1: 35    21770     --- 
      0     0      149.9008   967       11.2399 UserPurge1: 34    21786     --- 
      0     0      149.9003   966       11.2399 UserPurge1: 34    21810     --- 
      0     0      149.9001   948       11.2399 UserPurge1: 34    21827     --- 
      0     0      149.9000   984       11.2399 UserPurge1: 34    21851     --- 
      0     0      149.8998   927       11.2399 UserPurge1: 34    21863     --- 
      0     0      149.8997   983       11.2399 UserPurge1: 34    21874     --- 
      0     0      149.8997   946       11.2399 UserPurge1: 34    21886     --- 
      0     0      149.8996   990       11.2399 UserPurge1: 34    21900     --- 
      0     0      149.8995   984       11.2399 UserPurge1: 34    21920     --- 
      0     0      149.8978   967       11.2399 UserPurge1: 34    21981     --- 
      0     0      149.8970   928       11.2399 UserPurge1: 34    22014     --- 
      0     0      149.8967   914       11.2399 UserPurge1: 34    22025     --- 
      0     0      149.8966   927       11.2399 UserPurge1: 34    22030     --- 
      0     0      149.8963   933       11.2399 UserPurge1: 34    22053     --- 
      0     0      149.8962   940       11.2399 UserPurge1: 34    22071     --- 
      0     0      149.8958  1003       11.2399 UserPurge1: 34    22107     --- 
      0     0      149.8948   947       11.2399 UserPurge1: 34    22157     --- 
      0     0      149.8945   964       11.2399 UserPurge1: 34    22186     --- 
      0     0      149.8943   909       11.2399 UserPurge1: 34    22197     --- 
      0     0      149.8941   928       11.2399 UserPurge1: 34    22207     --- 
      0     0      149.8940   954       11.2399 UserPurge1: 34    22216     --- 
      0     0      149.8940   972       11.2399 UserPurge1: 34    22226     --- 
      0     0      149.8939   959       11.2399 UserPurge1: 34    22245     --- 
      0     0      149.8937   966       11.2399 UserPurge1: 34    22265     --- 
      0     0      149.8936   934       11.2399 UserPurge1: 34    22276     --- 
      0     0      149.8934   914       11.2399 UserPurge1: 34    22289     --- 
      0     0      149.8934   983       11.2399 UserPurge1: 34    22297     --- 
      0     0      149.8932   921       11.2399 UserPurge1: 34    22339     --- 
      0     0      149.8930   926       11.2399 UserPurge1: 34    22354     --- 
      0     0      149.8928   977       11.2399 UserPurge1: 34    22369     --- 
      0     0      149.8928   952       11.2399 UserPurge1: 34    22382     --- 
      0     0      149.8927   990       11.2399 UserPurge1: 34    22401     --- 
      0     0      149.8926   958       11.2399 UserPurge1: 34    22412     --- 
      0     0      149.8925   988       11.2399 UserPurge1: 34    22428     --- 
      0     0      149.8925   983       11.2399 UserPurge1: 34    22446     --- 
      0     0      149.8924   951       11.2399 UserPurge1: 34    22467     --- 
      0     0      149.8921   959       11.2399 UserPurge1: 34    22487     --- 
      0     0      149.8918   982       11.2399 UserPurge1: 34    22513     --- 
      0     0      149.8917   977       11.2399 UserPurge1: 34    22533     --- 
      0     0      149.8916   982       11.2399 UserPurge1: 34    22550     --- 
      0     0      149.8916   965       11.2399 UserPurge1: 34    22556     --- 
      0     0      149.8916  1015       11.2399 UserPurge1: 34    22577     --- 
      0     0      149.8916  1014       11.2399 UserPurge1: 34    22588     --- 
      0     0      149.8915  1027       11.2399 UserPurge1: 34    22606     --- 
      0     0      149.8910   982       11.2399 UserPurge1: 34    22644     --- 
      0     0      149.8909   982       11.2399 UserPurge1: 34    22655     --- 
      0     0      149.8908  1001       11.2399 UserPurge1: 34    22685     --- 
      0     0      149.8905   982       11.2399 UserPurge1: 34    22704     --- 
      0     0      149.8903   970       11.2399 UserPurge1: 34    22721     --- 
      0     0      149.8903   939       11.2399 UserPurge1: 34    22735     --- 
      0     0      149.8902   939       11.2399 UserPurge1: 34    22744     --- 
      0     0      149.8902   945       11.2399 UserPurge1: 34    22749     --- 
      0     0      149.8902   988       11.2399 UserPurge1: 34    22757     --- 
      0     0      149.8901   933       11.2399 UserPurge1: 34    22771     --- 
      0     0      149.8900   983       11.2399 UserPurge1: 34    22788     --- 
      0     0      149.8900   989       11.2399 UserPurge1: 34    22800     --- 
      0     0      149.8899   996       11.2399 UserPurge1: 34    22813     --- 
      0     0      149.8899   958       11.2399 UserPurge1: 34    22821     --- 
      0     0      149.8897   978       11.2399 UserPurge1: 34    22839     --- 
      0     0      149.8896   971       11.2399 UserPurge1: 34    22853     --- 
      0     0      149.8895   977       11.2399 UserPurge1: 34    22860     --- 
      0     0      149.8895   983       11.2399 UserPurge1: 34    22864     --- 
      0     0      149.8895   995       11.2399 UserPurge1: 34    22872     --- 
      0     0      149.8894   939       11.2399 UserPurge1: 34    22887     --- 
      0     0      149.8894   996       11.2399 UserPurge1: 34    22907     --- 
      0     0      149.8894  1014       11.2399 UserPurge1: 34    22919     --- 
      0     0      149.8894  1008       11.2399 UserPurge1: 34    22929     --- 
      0     0      149.8893  1026       11.2399 UserPurge1: 34    22943     --- 
      0     0      149.8892   983       11.2399 UserPurge1: 34    22959     --- 
      0     0      149.8890   977       11.2399 UserPurge1: 34    22969     --- 
      0     0      149.8889   984       11.2399 UserPurge1: 34    22978     --- 
      0     0      149.8889   996       11.2399 UserPurge1: 34    22989     --- 
      0     0      149.8887  1001       11.2399 UserPurge1: 34    23002     --- 
      0     0      149.8885   977       11.2399 UserPurge1: 34    23015     --- 
      0     0      149.8884   983       11.2399 UserPurge1: 34    23027     --- 
      0     0      149.8882   977       11.2399 UserPurge1: 34    23038     --- 
      0     0      149.8882   977       11.2399 UserPurge1: 34    23048     --- 
      0     0      149.8882   977       11.2399 UserPurge1: 34    23051     --- 
      0     0      149.8881   977       11.2399 UserPurge1: 34    23063     --- 
      0     0      149.8880   989       11.2399 UserPurge1: 34    23070     --- 
      0     0      149.8879   994       11.2399 UserPurge1: 34    23078     --- 
      0     0      149.8878   933       11.2399 UserPurge1: 34    23087     --- 
      0     0      149.8877   983       11.2399 UserPurge1: 34    23100     --- 
      0     0      149.8876   927       11.2399 UserPurge1: 34    23114     --- 
      0     0      149.8876   983       11.2399 UserPurge1: 34    23123     --- 
      0     0      149.8876   989       11.2399 UserPurge1: 34    23132     --- 
      0     0      149.8876  1001       11.2399 UserPurge1: 34    23141     --- 
      0     0      149.8874  1013       11.2399 UserPurge1: 34    23164     --- 
      0     0      149.8872  1013       11.2399 UserPurge1: 34    23183     --- 
      0     0      149.8871   995       11.2399 UserPurge1: 34    23195     --- 
      0     0      149.8869   963       11.2399 UserPurge1: 34    23216     --- 
      0     0      149.8865   966       11.2399 UserPurge1: 34    23245     --- 
      0     0      149.8865   972       11.2399 UserPurge1: 34    23250     --- 
      0     0      149.8862  1014       11.2399 UserPurge1: 36    23275     --- 
      0     0      149.8860   964       11.2399 UserPurge1: 34    23290     --- 
      0     0      149.8859  1012       11.2399 UserPurge1: 34    23303     --- 
      0     0      149.8857  1018       11.2399 UserPurge1: 34    23320     --- 
      0     0      149.8854  1014       11.2399 UserPurge1: 34    23345     --- 
      0     0      149.8851   992       11.2399 UserPurge1: 34    23369     --- 
      0     0      149.8851  1004       11.2399 UserPurge1: 34    23374     --- 
      0     0      149.8848  1002       11.2399 UserPurge1: 34    23396     --- 
      0     0      149.8848   996       11.2399 UserPurge1: 34    23400     --- 
      0     0      149.8847   989       11.2399 UserPurge1: 34    23406     --- 
      0     0      149.8847  1024       11.2399 UserPurge1: 34    23416     --- 
      0     0      149.8846   958       11.2399 UserPurge1: 34    23432     --- 
      0     0      149.8846  1008       11.2399 UserPurge1: 34    23442     --- 
      0     0      149.8846  1023       11.2399 UserPurge1: 34    23460     --- 
      0     0      149.8844  1017       11.2399 UserPurge1: 34    23486     --- 
      0     0      149.8843  1011       11.2399 UserPurge1: 34    23491     --- 
      0     0      149.8842  1023       11.2399 UserPurge1: 34    23512     --- 
      0     0      149.8841  1023       11.2399 UserPurge1: 34    23517     --- 
      0     0      149.8841  1030       11.2399 UserPurge1: 34    23534     --- 
      0     0      149.8840  1029       11.2399 UserPurge1: 34    23543     --- 
      0     0      149.8840  1030       11.2399 UserPurge1: 34    23553     --- 
      0     0      149.8840  1042       11.2399 UserPurge1: 34    23565     --- 
      0     0      149.8839  1029       11.2399 UserPurge1: 34    23577     --- 
      0     0      149.8839   992       11.2399 UserPurge1: 34    23586     --- 
      0     0      149.8838   992       11.2399 UserPurge1: 34    23593     --- 
      0     0      149.8838  1035       11.2399 UserPurge1: 34    23604     --- 
      0     0      149.8836  1014       11.2399 UserPurge1: 34    23619     --- 
      0     0      149.8827  1012       11.2399 UserPurge1: 34    23651     --- 
      0     0      149.8825  1001       11.2399 UserPurge1: 34    23668     --- 
      0     0      149.8823  1002       11.2399 UserPurge1: 34    23680     --- 
      0     0      149.8820   990       11.2399 UserPurge1: 34    23701     --- 
      0     0      149.8820  1001       11.2399 UserPurge1: 34    23709     --- 
      0     0      149.8818  1013       11.2399 UserPurge1: 34    23724     --- 
      0     0      149.8816  1016       11.2399 UserPurge1: 34    23742     --- 
      0     0      149.8816  1030       11.2399 UserPurge1: 34    23750     --- 
      0     0      149.8815  1024       11.2399 UserPurge1: 34    23766     --- 
      0     0      149.8813  1035       11.2399 UserPurge1: 34    23786     --- 
      0     0      149.8811  1035       11.2399 UserPurge1: 34    23803     --- 
      0     0      149.8809  1005       11.2399 UserPurge1: 34    23827     --- 
      0     0      149.8806  1022       11.2399 UserPurge1: 34    23854     --- 
      0     0      149.8805  1017       11.2399 UserPurge1: 34    23860     --- 
      0     0      149.8804  1011       11.2399 UserPurge1: 34    23875     --- 
      0     0      149.8803  1014       11.2399 UserPurge1: 34    23887     --- 
      0     0      149.8802  1014       11.2399 UserPurge1: 34    23908     --- 
      0     0      149.8801   988       11.2399 UserPurge1: 34    23930     --- 
      0     0      149.8800  1017       11.2399 UserPurge1: 34    23951     --- 
      0     0      149.8798  1017       11.2399 UserPurge1: 34    23972     --- 
      0     0      149.8796  1023       11.2399 UserPurge1: 34    23999     --- 
      0     0      149.8794  1048       11.2399 UserPurge1: 34    24018     --- 
      0     0      149.8793  1041       11.2399 UserPurge1: 34    24035     --- 
      0     0      149.8793  1010       11.2399 UserPurge1: 34    24059     --- 
      0     0      149.8790   964       11.2399 UserPurge1: 34    24091     --- 
      0     0      149.8789  1026       11.2399 UserPurge1: 34    24122     --- 
      0     0      149.8788   991       11.2399 UserPurge1: 34    24136     --- 
      0     0      149.8788  1041       11.2399 UserPurge1: 34    24150     --- 
      0     0      149.8787  1066       11.2399 UserPurge1: 34    24166     --- 
      0     0      149.8782  1025       11.2399 UserPurge1: 34    24212     --- 
      0     0      149.8774   951       11.2399 UserPurge1: 34    24250     --- 
      0     0      149.8772   995       11.2399 UserPurge1: 34    24265     --- 
      0     0      149.8770  1007       11.2399 UserPurge1: 34    24275     --- 
      0     0      149.8770  1019       11.2399 UserPurge1: 34    24277     --- 
      0     0      149.8766   951       11.2399 UserPurge1: 34    24298     --- 
      0     0      149.8765   939       11.2399 UserPurge1: 34    24308     --- 
      0     0      149.8762   943       11.2399 UserPurge1: 34    24323     --- 
      0     0      149.8761  1011       11.2399 UserPurge1: 34    24344     --- 
      0     0      149.8760  1011       11.2399 UserPurge1: 34    24353     --- 
      0     0      149.8760   995       11.2399 UserPurge1: 34    24367     --- 
      0     0      149.8759  1013       11.2399 UserPurge1: 34    24381     --- 
      0     0      149.8759  1007       11.2399 UserPurge1: 34    24401     --- 
      0     0      149.8758  1025       11.2399 UserPurge1: 34    24423     --- 
      0     0      149.8757   995       11.2399 UserPurge1: 34    24436     --- 
      0     0      149.8754   989       11.2399 UserPurge1: 34    24458     --- 
      0     0      149.8753   983       11.2399 UserPurge1: 34    24467     --- 
      0     0      149.8753  1011       11.2399 UserPurge1: 34    24474     --- 
      0     0      149.8752   999       11.2399 UserPurge1: 34    24490     --- 
      0     0      149.8751  1005       11.2399 UserPurge1: 34    24505     --- 
      0     0      149.8750  1023       11.2399 UserPurge1: 34    24526     --- 
      0     0      149.8749  1029       11.2399 UserPurge1: 34    24547     --- 
      0     0      149.8748   973       11.2399 UserPurge1: 34    24570     --- 
      0     0      149.8747  1013       11.2399 UserPurge1: 34    24587     --- 
      0     0      149.8744  1031       11.2399 UserPurge1: 34    24599     --- 
      0     0      149.8741   957       11.2399 UserPurge1: 34    24634     --- 
      0     0      149.8737   961       11.2399 UserPurge1: 34    24669     --- 
      0     0      149.8735   985       11.2399 UserPurge1: 34    24682     --- 
      0     0      149.8732   958       11.2399 UserPurge1: 34    24712     --- 
      0     0      149.8730  1029       11.2399 UserPurge1: 34    24740     --- 
      0     0      149.8729   991       11.2399 UserPurge1: 34    24763     --- 
      0     0      149.8727  1015       11.2399 UserPurge1: 34    24791     --- 
      0     0      149.8723  1044       11.2399 UserPurge1: 34    24834     --- 
      0     0      149.8715   963       11.2399 UserPurge1: 34    24902     --- 
      0     0      149.8713  1023       11.2399 UserPurge1: 34    24927     --- 
      0     0      149.8712  1011       11.2399 UserPurge1: 34    24949     --- 
      0     0      149.8710  1025       11.2399 UserPurge1: 34    24973     --- 
      0     0      149.8709  1020       11.2399 UserPurge1: 34    24981     --- 
      0     0      149.8708  1023       11.2399 UserPurge1: 34    25000     --- 
      0     0      149.8708  1003       11.2399 UserPurge1: 34    25014     --- 
      0     0      149.8708  1066       11.2399 UserPurge1: 34    25028     --- 
      0     0      149.8707   975       11.2399 UserPurge1: 34    25040     --- 
      0     0      149.8707  1075       11.2399 UserPurge1: 34    25066     --- 
      0     0      149.8706   988       11.2399 UserPurge1: 34    25092     --- 
      0     0      149.8705  1050       11.2399 UserPurge1: 34    25126     --- 
      0     0      149.8703  1047       11.2399 UserPurge1: 34    25159     --- 
      0     0      149.8703  1069       11.2399 UserPurge1: 34    25171     --- 
      0     0      149.8701  1067       11.2399 UserPurge1: 34    25199     --- 
      0     0      149.8686  1000       11.2399 UserPurge1: 34    25316     --- 
      0     0      149.8677  1023       11.2399 UserPurge1: 34    25345     --- 
      0     0      149.8671   987       11.2399 UserPurge1: 34    25391     --- 
      0     0      149.8670   986       11.2399 UserPurge1: 34    25404     --- 
      0     0      149.8669  1012       11.2399 UserPurge1: 34    25417     --- 
      0     0      149.8666  1008       11.2399 UserPurge1: 34    25438     --- 
      0     0      149.8665  1009       11.2399 UserPurge1: 34    25473     --- 
      0     0      149.8660  1039       11.2399 UserPurge1: 34    25510     --- 
      0     0      149.8657  1021       11.2399 UserPurge1: 34    25533     --- 
      0     0      149.8656  1000       11.2399 UserPurge1: 34    25565     --- 
      0     0      149.8654  1039       11.2399 UserPurge1: 37    25612     --- 
      0     0      149.8652  1014       11.2399 UserPurge1: 34    25638     --- 
      0     0      149.8650  1021       11.2399 UserPurge1: 34    25663     --- 
      0     0      149.8647  1012       11.2399 UserPurge1: 34    25704     --- 
      0     0      149.8646   979       11.2399 UserPurge1: 34    25722     --- 
      0     0      149.8644  1038       11.2399 UserPurge1: 34    25761     --- 
      0     0      149.8644  1036       11.2399 UserPurge1: 34    25784     --- 
      0     0      149.8643  1029       11.2399 UserPurge1: 34    25820     --- 
      0     0      149.8641  1039       11.2399 UserPurge1: 34    25841     --- 
      0     0      149.8640  1045       11.2399 UserPurge1: 34    25864     --- 
      0     0      149.8636  1048       11.2399 UserPurge1: 34    25912     --- 
      0     0      149.8635  1021       11.2399 UserPurge1: 34    25928     --- 
      0     0      149.8635  1011       11.2399 UserPurge1: 34    25938     --- 
      0     0      149.8633  1000       11.2399 UserPurge1: 34    25961     --- 
      0     0      149.8633  1024       11.2399 UserPurge1: 34    25974     --- 
      0     0      149.8632  1000       11.2399 UserPurge1: 34    25996     --- 
      0     0      149.8627  1030       11.2399 UserPurge1: 34    26039     --- 
      0     0      149.8624  1018       11.2399 UserPurge1: 35    26073     --- 
      0     0      149.8623  1027       11.2399 UserPurge1: 34    26096     --- 
      0     0      149.8622  1044       11.2399 UserPurge1: 34    26125     --- 
      0     0      149.8621  1057       11.2399 UserPurge1: 34    26156     --- 
      0     0      149.8619  1027       11.2399 UserPurge1: 34    26192     --- 
      0     0      149.8617  1032       11.2399 UserPurge1: 34    26203     --- 
      0     0      149.8616  1030       11.2399 UserPurge1: 34    26221     --- 
      0     0      149.8615  1001       11.2399 UserPurge1: 34    26256     --- 
      0     0      149.8614  1042       11.2399 UserPurge1: 34    26282     --- 
      0     0      149.8613  1035       11.2399 UserPurge1: 34    26304     --- 
      0     0      149.8613  1041       11.2399 UserPurge1: 34    26320     --- 
      0     0      149.8612  1003       11.2399 UserPurge1: 34    26338     --- 
      0     0      149.8612  1015       11.2399 UserPurge1: 34    26352     --- 
      0     0      149.8611  1025       11.2399 UserPurge1: 34    26380     --- 
      0     0      149.8610  1036       11.2399 UserPurge1: 34    26411     --- 
      0     0      149.8608  1020       11.2399 UserPurge1: 34    26441     --- 
      0     0      149.8605   997       11.2399 UserPurge1: 34    26458     --- 
      0     0      149.8604  1038       11.2399 UserPurge1: 34    26482     --- 
      0     0      149.8603  1050       11.2399 UserPurge1: 34    26503     --- 
      0     0      149.8602  1014       11.2399 UserPurge1: 34    26520     --- 
      0     0      149.8602  1038       11.2399 UserPurge1: 34    26535     --- 
      0     0      149.8601  1033       11.2399 UserPurge1: 34    26549     --- 
      0     0      149.8599  1038       11.2399 UserPurge1: 34    26574     --- 
      0     0      149.8599  1041       11.2399 UserPurge1: 34    26591     --- 
      0     0      149.8597  1069       11.2399 UserPurge1: 34    26613     --- 
      0     0      149.8595  1026       11.2399 UserPurge1: 34    26637     --- 
      0     0      149.8593   995       11.2399 UserPurge1: 34    26661     --- 
      0     0      149.8593   982       11.2399 UserPurge1: 34    26676     --- 
      0     0      149.8592   994       11.2399 UserPurge1: 34    26692     --- 
      0     0      149.8591  1037       11.2399 UserPurge1: 34    26730     --- 
      0     0      149.8591  1054       11.2399 UserPurge1: 34    26755     --- 
      0     0      149.8590  1035       11.2399 UserPurge1: 34    26777     --- 
      0     0      149.8589  1071       11.2399 UserPurge1: 34    26801     --- 
      0     0      149.8589  1042       11.2399 UserPurge1: 34    26827     --- 
      0     0      149.8588  1065       11.2399 UserPurge1: 34    26856     --- 
      0     0      149.8588  1078       11.2399 UserPurge1: 34    26877     --- 
      0     0      149.8587  1031       11.2399 UserPurge1: 34    26901     --- 
      0     0      149.8586  1063       11.2399 UserPurge1: 34    26921     --- 
      0     0      149.8586  1031       11.2399 UserPurge1: 34    26943     --- 
      0     0      149.8586  1051       11.2399 UserPurge1: 34    26964     --- 
      0     0      149.8584  1049       11.2399 UserPurge1: 34    26995     --- 
      0     0      149.8580  1036       11.2399 UserPurge1: 34    27030     --- 
      0     0      149.8576  1024       11.2399 UserPurge1: 34    27068     --- 
      0     0      149.8575  1078       11.2399 UserPurge1: 34    27091     --- 
      0     0      149.8574  1054       11.2399 UserPurge1: 34    27115     --- 
      0     0      149.8573  1053       11.2399 UserPurge1: 34    27146     --- 
      0     0      149.8572  1040       11.2399 UserPurge1: 34    27164     --- 
      0     0      149.8569  1015       11.2399 UserPurge1: 34    27193     --- 
      0     0      149.8567  1018       11.2399 UserPurge1: 34    27230     --- 
      0     0      149.8566  1051       11.2399 UserPurge1: 34    27250     --- 
      0     0      149.8566  1045       11.2399 UserPurge1: 34    27283     --- 
      0     0      149.8566  1045       11.2399 UserPurge1: 34    27309     --- 
      0     0      149.8565  1054       11.2399 UserPurge1: 34    27339     --- 
      0     0      149.8564  1069       11.2399 UserPurge1: 34    27377     --- 
      0     0      149.8564  1048       11.2399 UserPurge1: 34    27397     --- 
      0     0      149.8564  1054       11.2399 UserPurge1: 34    27408     --- 
      0     0      149.8563  1024       11.2399 UserPurge1: 34    27442     --- 
      0     0      149.8563  1060       11.2399 UserPurge1: 34    27458     --- 
      0     0      149.8562  1034       11.2399 UserPurge1: 34    27481     --- 
      0     0      149.8561  1071       11.2399 UserPurge1: 34    27500     --- 
      0     0      149.8559  1065       11.2399 UserPurge1: 34    27567     --- 
      0     0      149.8558  1047       11.2399 UserPurge1: 34    27588     --- 
      0     0      149.8558  1053       11.2399 UserPurge1: 34    27602     --- 
      0     0      149.8557  1074       11.2399 UserPurge1: 34    27626     --- 
      0     0      149.8555  1043       11.2399 UserPurge1: 34    27660     --- 
      0     0      149.8554  1069       11.2399 UserPurge1: 34    27678     --- 
      0     0      149.8554  1042       11.2399 UserPurge1: 34    27701     --- 
      0     0      149.8553  1058       11.2399 UserPurge1: 34    27740     --- 
      0     0      149.8552  1024       11.2399 UserPurge1: 34    27775     --- 
      0     0      149.8550  1057       11.2399 UserPurge1: 34    27802     --- 
      0     0      149.8549  1075       11.2399 UserPurge1: 34    27817     --- 
      0     0      149.8549  1062       11.2399 UserPurge1: 34    27836     --- 
      0     0      149.8547  1062       11.2399 UserPurge1: 34    27860     --- 
      0     0      149.8547  1081       11.2399 UserPurge1: 34    27872     --- 
      0     0      149.8546  1065       11.2399 UserPurge1: 34    27910     --- 
      0     0      149.8544  1069       11.2399 UserPurge1: 34    27953     --- 
      0     0      149.8544  1046       11.2399 UserPurge1: 34    27967     --- 
      0     0      149.8544  1052       11.2399 UserPurge1: 34    27981     --- 
      0     0      149.8542  1069       11.2399 UserPurge1: 34    28018     --- 
      0     0      149.8541  1036       11.2399 UserPurge1: 34    28044     --- 
      0     0      149.8540  1048       11.2399 UserPurge1: 34    28067     --- 
      0     0      149.8537  1051       11.2399 UserPurge1: 34    28104     --- 
      0     0      149.8536  1093       11.2399 UserPurge1: 34    28139     --- 
      0     0      149.8535  1071       11.2399 UserPurge1: 34    28158     --- 
      0     0      149.8534  1084       11.2399 UserPurge1: 34    28189     --- 
      0     0      149.8533  1074       11.2399 UserPurge1: 34    28216     --- 
      0     0      149.8532  1059       11.2399 UserPurge1: 34    28261     --- 
      0     0      149.8530  1081       11.2399 UserPurge1: 34    28282     --- 
      0     0      149.8529  1077       11.2399 UserPurge1: 34    28304     --- 
      0     0      149.8528  1046       11.2399 UserPurge1: 34    28331     --- 
      0     0      149.8528  1072       11.2399 UserPurge1: 34    28347     --- 
      0     0      149.8528  1074       11.2399 UserPurge1: 34    28374     --- 
      0     0      149.8526  1102       11.2399 UserPurge1: 34    28436     --- 
      0     0      149.8525  1102       11.2399 UserPurge1: 34    28461     --- 
      0     0      149.8524  1093       11.2399 UserPurge1: 34    28494     --- 
      0     0      149.8519   976       11.2399 UserPurge1: 34    28535     --- 
      0     0      149.8516  1017       11.2399 UserPurge1: 34    28551     --- 
      0     0      149.8516  1037       11.2399 UserPurge1: 34    28579     --- 
      0     2      149.8516  1037       11.2399      149.8513    28579     ---                         0             0
Elapsed time = 2055.34 sec. (573455.65 ticks, tree = 0.00 MB, solutions = 1)
      1     3      149.4379   587       11.2399      149.7572    29207     --- x_ENSMUSP0000000 U      1      0      1
      2     4      140.4030   811       11.2399      149.4378    30842     --- x_ENSMUSP0000000 N      2      0      1
      3     5      145.4910   501       11.2399      149.4378    31373     --- x_ENSMUSP0000000 D      3      1      2
      4     6      141.3393   363       11.2399      145.4896    31777     --- x_ENSMUSP0000000 U      4      1      2
      5     7      141.7652   564       11.2399      145.4896    36069     --- x_ENSP0000032946 N      5      3      3
      6     8      139.3472    12       11.2399      141.7548    40439     --- x_ENSP0000032946 U      6      3      3
      7     9      141.5824   543       11.2399      141.7548    42533     --- x_ENSMUSP0000002 D      7      5      4
      8    10      129.0812   152       11.2399      141.5561    46180     --- x_ENSMUSP0000002 U      8      5      4
      9    11      141.1110   564       11.2399      141.3876    46329     --- x_ENSP0000035770 D      9      7      5
     11    13      141.1040   270       11.2399      141.3355    49786     --- x_ENSP0000021838 D     11      9      6
Elapsed time = 2369.60 sec. (734896.77 ticks, tree = 3.34 MB, solutions = 1)
     12    14      136.5181   176       11.2399      141.3355    50152     --- x_ENSP0000021838 U     12      9      6
     13    15      140.8428   252       11.2399      141.3355    50221     --- x_ENSMUSP0000005 D     13     11      7
     14    16      138.1547   418       11.2399      141.3355    50702     --- x_ENSMUSP0000005 N     14     11      7
     15    17      140.1063   418       11.2399      141.3355    50823     --- x_ENSMUSP0000005 D     15     13      8
     16    18      127.1519   118       11.2399      141.3355    51102     --- x_ENSMUSP0000005 U     16     13      8
     17    19      135.6643   138       11.2399      141.3355    51572     --- x_ENSP0000025749 D     17     15      9
     18    20      128.0101   118       11.2399      141.3355    51938     --- x_ENSP0000025749 U     18     15      9
     20    22      120.4098   494       11.2399      141.3355    51947     --- x_ENSMUSP0000003 D     20     19     11
     21    23      106.8340   367       11.2399      141.3355    53405     --- x_ENSMUSP0000003 N     21     19     11
     22    24      106.4121   412       11.2399      141.3355    53464     --- x_ENSP0000028675 D     22     21     12
Elapsed time = 2502.79 sec. (810329.66 ticks, tree = 3.66 MB, solutions = 1)
     23    25      105.6150   292       11.2399      141.3355    53544     --- x_ENSP0000028675 U     23     21     12
     25    27      105.9153   139       11.2399      141.3355    53788     --- x_ENSMUSP0000002 U     25     22     13
     26    28      105.7737   172       11.2399      141.3355    53841     --- x_ENSMUSP0000004 D     26     25     14
     28    30      103.5663   159       11.2399      141.3355    54083     --- x_ENSMUSP0000011 N     28     26     15
     30    32      100.5874    85       11.2399      141.3355    54315     --- x_ENSMUSP0000009 U     30     27     16
     31    33      105.0173   139       11.2399      141.3355    54377     ---            m_183 D     31     29     17
     34    36      104.6042   133       11.2399      141.3355    54550     --- x_ENSMUSP0000005 D     34     33     19
     36    38      103.7962   254       11.2399      141.3355    54965     --- x_ENSP0000038305 N     36     34     20
     41    43      101.0348     1       11.2399      141.3355    55255     --- x_ENSMUSP0000002 U     41     39     22
     44    46      100.9127     1       11.2399      141.3355    55415     --- x_ENSMUSP0000004 U     44     42     24
Elapsed time = 2576.49 sec. (859792.61 ticks, tree = 4.33 MB, solutions = 1)
     45    47       90.6637   178       11.2399      141.3355    56171     --- x_ENSMUSP0000002 N     45     44     25
     46    48       88.0159   112       11.2399      141.3355    56532     --- x_ENSMUSP0000002 U     46     44     25
     48    50       86.5490    82       11.2399      141.3355    56626     --- x_ENSP0000022716 D     48     46     26
     50    52       85.6278    24       11.2399      141.3355    56843     --- z_ENSMUSP0000011 D     50     48     27
     51    53       85.5698    21       11.2399      141.3355    56866     --- x_ENSP0000041007 D     51     50     28
     52    54       84.6440    93       11.2399      141.3355    56967     --- x_ENSP0000041007 U     52     50     28
     53    55       85.3634    91       11.2399      141.3355    57146     --- x_ENSMUSP0000002 U     53     51     29
     54    56       85.3577    55       11.2399      141.3355    57154     --- mm_ENSP000003955 U     54     53     30
     55    57       75.1366   247       11.2399      141.3355    58096     --- mm_ENSP000003955 N     55     53     30
     56    58       74.6468    55       11.2399      141.3355    58450     --- x_ENSMUSP0000003 D     56     54     31
Elapsed time = 2683.75 sec. (935179.34 ticks, tree = 4.66 MB, solutions = 1)
     57    59       79.4556    12       11.2399      141.3355    58719     --- x_ENSMUSP0000003 U     57     54     31
     59    61       79.3119    12       11.2399      141.3355    58770     --- x_ENSMUSP0000003 D     59     58     33
     60    62       73.4683   176       11.2399      141.3355    58915     --- x_ENSMUSP0000003 U     60     58     33
     61    63       72.4561    96       11.2399      141.3355    58921     ---           m_4296 U     61     60     34
     62    64       73.1723   176       11.2399      141.3355    58942     ---           m_4296 D     62     60     34
     65    67       64.0217   154       11.2399      141.3355    59145     --- x_ENSP0000022486 U     65     63     36
     66    68       72.2176   411       11.2399      141.3355    59234     --- x_ENSMUSP0000004 D     66     64     37
     67    69       72.2101   375       11.2399      141.3355    59252     --- x_ENSMUSP0000010 D     67     66     38
     69    71       71.1996   512       11.2399      141.3355    59654     --- x_ENSP0000027425 N     69     68     40
     70    72       45.6016    12       11.2399      141.3355    60368     --- x_ENSP0000027425 U     70     68     40
Elapsed time = 2852.79 sec. (1037908.85 ticks, tree = 5.10 MB, solutions = 1)
     72    74       71.1818   138       11.2399      141.3355    60376     --- x_ENSMUSP0000000 D     72     71     42
     73    75       71.1686   120       11.2399      141.3355    60396     --- x_ENSP0000034783 D     73     72     43
     75    77       70.9284    60       11.2399      141.3355    60583     --- x_ENSMUSP0000009 D     75     73     44
     76    78       70.9527   386       11.2399      141.3355    60641     --- x_ENSMUSP0000004 D     76     74     45
     77    79       27.7230    12       11.2399      141.3355    61297     --- x_ENSMUSP0000004 U     77     74     45
     79    81       70.8709    97       11.2399      141.3355    61379     --- x_ENSP0000028124 D     79     78     47
     80    82       63.3914    90       11.2399      141.3355    61691     --- x_ENSP0000028124 U     80     78     47
     81    83       70.8142   251       11.2399      141.3355    61745     --- x_ENSMUSP0000002 D     81     79     48
     82    84       69.7980    56       11.2399      141.3355    61858     --- x_ENSMUSP0000002 U     82     79     48
     85    87       69.3864    50       11.2399      141.3355    62308     --- x_ENSMUSP0000002 U     85     83     50
Elapsed time = 2940.67 sec. (1094965.88 ticks, tree = 5.55 MB, solutions = 1)
     86    88       70.7058   276       11.2399      141.3355    62311     --- x_ENSMUSP0000000 D     86     84     51
     87    89       45.8652    12       11.2399      141.3355    62857     --- x_ENSMUSP0000000 U     87     84     51
     88    90       70.6709    61       11.2399      141.3355    62872     --- mm_ENSP000003583 D     88     86     52
     89    91       31.4356    18       11.2399      141.3355    63429     --- mm_ENSP000003583 U     89     86     52
     91    93       70.2574   117       11.2399      141.3355    63821     --- x_ENSP0000026250 U     91     88     53
     94    96       68.7035   234       11.2399      141.3355    64744     --- x_ENSMUSP0000002 N     94     92     55
     97    99       68.6421   115       11.2399      141.3355    64867     --- x_ENSP0000025980 D     97     96     57
     98   100       68.5623   152       11.2399      141.3355    64901     --- z_ENSMUSP0000000 D     98     97     58
    101   103       36.2076    12       11.2399      141.3355    65721     --- x_ENSMUSP0000009 U    101     98     59
    104   106       66.7854    25       11.2399      141.3355    65954     --- x_ENSMUSP0000009 U    104    102     61
Elapsed time = 3052.29 sec. (1157352.12 ticks, tree = 6.11 MB, solutions = 1)
    108   110       66.5818   384       11.2399      141.3355    67143     --- x_ENSP0000036240 N    108    107     65
    109   109        cutoff             11.2399      141.3355    67483     --- x_ENSP0000036240 U    109    107     65
    110   110       66.5517    91       11.2399      141.3355    67516     --- x_ENSMUSP0000002 D    110    108     66
    112   112       66.1192   133       11.2399      141.3355    67863     --- x_ENSMUSP0000004 D    112    110     67
    114   114       62.4045    25       11.2399      141.3355    68226     --- x_ENSP0000026926 U    114    111     68
    116   116       64.7135    25       11.2399      141.3355    68393     --- x_ENSMUSP0000002 U    116    113     69
    118   118       61.6238    25       11.2399      141.3355    68826     --- x_ENSP0000033438 U    118    115     70
    121   121       65.5833   440       11.2399      141.3355    69472     --- x_ENSP0000035323 D    121    119     72
    122   122       65.5364   415       11.2399      141.3355    69539     --- x_ENSMUSP0000008 D    122    121     73
    123   123       65.4814   296       11.2399      141.3355    69590     --- x_ENSMUSP0000000 D    123    122     74
Elapsed time = 3310.60 sec. (1335140.82 ticks, tree = 6.59 MB, solutions = 1)
    125   123       65.4472   193       11.2399      141.3355    69876     --- x_ENSP0000024907 D    125    123     75
    126   122        cutoff             11.2399      141.3355    70537     --- x_ENSP0000024907 U    126    123     75
    127   123       64.3496   286       11.2399      141.3355    71626     ---            m_698 N    127    125     76
    128   124       64.3464   280       11.2399      141.3355    71644     --- x_ENSMUSP0000006 D    128    127     77
    129   123        cutoff             11.2399      141.3355    72093     --- x_ENSMUSP0000006 U    129    127     77
    130   124       64.3432   287       11.2399      141.3355    72112     --- x_ENSMUSP0000005 D    130    128     78
    131   125       64.2832     9       11.2399      141.3355    72395     --- x_ENSMUSP0000010 U    131    130     79
    132   126       64.3291   281       11.2399      141.3355    72417     --- x_ENSMUSP0000010 D    132    130     79
    133   127       64.3234   310       11.2399      141.3355    72451     --- x_ENSP0000026754 D    133    132     80
    134   126        cutoff             11.2399      141.3355    72906     --- x_ENSP0000026754 U    134    132     80
Elapsed time = 3420.37 sec. (1400578.59 ticks, tree = 6.71 MB, solutions = 1)
    137   129       64.1399    73       11.2399      141.3355    73024     --- x_ENSP0000028942 D    137    136     83
    139   131       60.2404    55       11.2399      141.3355    73447     --- x_ENSMUSP0000001 U    139    137     84
    140   132       59.5170    74       11.2399      141.3355    73530     --- x_ENSMUSP0000002 D    140    139     85
    141   133       37.6738    12       11.2399      141.3355    74226     --- x_ENSMUSP0000002 U    141    139     85
    142   134       58.7724    37       11.2399      141.3355    74375     --- x_ENSMUSP0000002 D    142    140     86
    143   135       36.6744    12       11.2399      141.3355    75347     --- x_ENSMUSP0000002 U    143    140     86
    144   136       58.7291    32       11.2399      141.3355    75364     --- x_ENSMUSP0000010 D    144    142     87
    145   137       35.3320    12       11.2399      141.3355    76198     --- x_ENSMUSP0000010 U    145    142     87
    146   138       55.8652   456       11.2399      141.3355    78672     --- x_ENSP0000025406 N    146    144     88
    147   139       56.0707   386       11.2399      141.3355    80748     --- x_ENSP0000025406 D    147    144     88
Elapsed time = 3641.81 sec. (1518904.74 ticks, tree = 7.10 MB, solutions = 1)
    149   141       54.0604    62       11.2399      141.3355    81239     --- x_ENSMUSP0000003 U    149    147     89
    155   145       53.6729    95       11.2399      141.3355    82157     --- x_ENSMUSP0000005 D    155    154     93
    156   146       34.7211    18       11.2399      141.3355    82883     --- x_ENSMUSP0000005 U    156    154     93
    157   147       53.6492    67       11.2399      141.3355    82903     --- x_ENSMUSP0000002 D    157    155     94
    160   150       53.5561   133       11.2399      141.3355    83830     --- x_ENSP0000030069 D    160    158     96
    162   152       11.8688    12       11.2399      141.3355    84797     --- x_ENSP0000029214 U    162    160     97
    164   154       50.5611   365       11.2399      141.3355    86785     --- x_ENSP0000034979 N    164    163     99
    166   156       50.5495    13       11.2399      141.3355    86819     --- x_ENSP0000035862 D    166    165    101
    167   157       48.6588    13       11.2399      141.3355    87140     --- x_ENSP0000035862 U    167    165    101
    169   159       17.3687    12       11.2399      141.3355    88325     --- x_ENSMUSP0000003 U    169    167    102
Elapsed time = 3885.73 sec. (1620601.23 ticks, tree = 7.71 MB, solutions = 1)
    172   162       48.0367    20       11.2399      141.3355    88578     --- x_ENSP0000031814 D    172    171    105
    173   163       39.9277    17       11.2399      141.3355    88926     --- x_ENSP0000031814 U    173    171    105
    174   164       47.9456    41       11.2399      141.3355    89027     --- x_ENSP0000034118 D    174    172    106
    177   167       47.9185    53       11.2399      141.3355    89098     --- x_ENSP0000036414 D    177    176    109
    180   168       19.9729    18       11.2399      141.3355    90825     --- x_ENSP0000036910 U    180    177    110
    181   169       47.8763    41       11.2399      141.3355    90867     --- x_ENSMUSP0000011 D    181    179    111
    183   169        cutoff             11.2399      141.3355    92130     --- z_ENSMUSP0000003 D    183    181    112
    184   170       45.4535   283       11.2399      141.3355    94553     --- x_ENSMUSP0000004 N    184    182    113
    185   169        cutoff             11.2399      141.3355    95782     --- x_ENSMUSP0000004 U    185    182    113
    188   172       45.4317   287       11.2399      141.3355    95954     --- x_ENSMUSP0000011 D    188    187    116
Elapsed time = 4197.42 sec. (1766567.71 ticks, tree = 11.31 MB, solutions = 1)
    189   173       40.1027    43       11.2399      141.3355    96694     --- x_ENSMUSP0000011 U    189    187    116
    190   174       39.4315    73       11.2399      141.3355    96699     --- x_ENSMUSP0000002 D    190    189    117
    194   178       31.4050    37       11.2399      141.3355    97195     --- x_ENSMUSP0000010 D    194    192    119
    201   183        cutoff             11.2399      141.3355    97893     --- x_ENSMUSP0000002 U    201    199    123
    208   188       31.0316    54       11.2399      141.3355    98332     --- x_ENSP0000033176 D    208    207    129
    210   188       29.2452   104       11.2399      141.3355    99589     --- x_ENSP0000035574 N    210    208    130
    212   190       29.2414   104       11.2399      141.3355    99692     --- x_ENSP0000039408 D    212    210    131
    213   191       28.3729    67       11.2399      141.3355    99776     --- x_ENSP0000039408 U    213    210    131
    214   192       29.1933   157       11.2399      141.3355    99853     --- x_ENSP0000038106 D    214    212    132
    217   193        cutoff             11.2399      141.3355   100957     --- z_ENSMUSP0000003 U    217    214    133
Elapsed time = 4403.11 sec. (1874181.77 ticks, tree = 11.98 MB, solutions = 1)
    221   197       29.1248   128       11.2399      141.3355   101098     --- x_ENSP0000027086 D    221    219    136
    225   201       29.0615   168       11.2399      141.3355   101301     --- x_ENSP0000023346 D    225    224    139
    228   204       28.9315     3       11.2399      141.3355   101603     --- mm_ENSP000004125 U    228    225    140
    230   206       28.8587    11       11.2399      141.3355   101691     --- x_ENSMUSP0000001 D    230    229    142
    231   207       22.2333    67       11.2399      141.3355   103724     --- x_ENSMUSP0000000 N    231    230    143
    232   206        cutoff             11.2399      141.3355   104492     --- x_ENSMUSP0000000 D    232    230    143
    233   205        cutoff             11.2399      141.3355   105428     --- x_ENSP0000032134 U    233    231    144
    234   206       22.2332    67       11.2399      141.3355   105429     --- x_ENSP0000032134 D    234    231    144
    235   207       22.2294   105       11.2399      141.3355   105435     --- x_ENSMUSP0000009 D    235    234    145
    236   206        cutoff             11.2399      141.3355   106447     --- x_ENSMUSP0000009 U    236    234    145
Elapsed time = 4631.67 sec. (1978063.33 ticks, tree = 12.38 MB, solutions = 1)
    239   207        cutoff             11.2399      141.3355   107536     --- x_ENSMUSP0000011 U    239    237    147
    240   208       22.1981    61       11.2399      141.3355   107542     --- x_ENSMUSP0000007 D    240    238    148
    241   209       22.1710   103       11.2399      141.3355   107554     --- x_ENSMUSP0000002 D    241    240    149
    243   211       22.1693    19       11.2399      141.3355   108171     --- x_ENSMUSP0000006 D    243    241    150
    244   212       22.1506    68       11.2399      141.3355   108198     --- z_ENSMUSP0000000 D    244    243    151
    245   211        cutoff             11.2399      141.3355   109074     --- z_ENSMUSP0000000 U    245    243    151
    248   214       22.1180    13       11.2399      141.3355   109088     --- x_ENSMUSP0000011 D    248    247    154
    251   217       21.9953    76       11.2399      141.3355   109821     --- x_ENSP0000034435 D    251    250    156
    255   221       17.3885    11       11.2399      141.3355   110843     --- x_ENSP0000034794 U    255    253    159
    256   222       21.8660    19       11.2399      141.3355   110885     --- x_ENSP0000017175 D    256    254    160
Elapsed time = 4772.81 sec. (2066431.40 ticks, tree = 12.88 MB, solutions = 1)
    257   223       20.6514    20       11.2399      141.3355   112078     --- x_ENSP0000037714 N    257    256    161
    258   222        cutoff             11.2399      141.3355   113011     --- x_ENSP0000037714 U    258    256    161
    259   223       20.6510     7       11.2399      141.3355   113012     --- mm_ENSMUSP000000 D    259    257    162
    260   224       14.3963    23       11.2399      141.3355   113634     --- mm_ENSMUSP000000 U    260    257    162
    261   225       20.4573     7       11.2399      141.3355   114319     --- x_ENSMUSP0000000 U    261    259    163
    263   227       20.4485     5       11.2399      141.3355   114335     --- x_ENSMUSP0000010 D    263    262    165
    269   229       20.4160     7       11.2399      141.3355   114979     --- x_ENSMUSP0000008 D    269    267    169
    270   230       20.4117    11       11.2399      141.3355   114988     --- x_ENSMUSP0000012 D    270    269    170
    276   234       20.3533     5       11.2399      141.3355   115502     --- x_ENSP0000005386 U    276    275    175
    281   235        cutoff             11.2399      141.3355   116469     --- x_ENSMUSP0000010 U    281    279    178
Elapsed time = 4977.47 sec. (2158941.50 ticks, tree = 13.28 MB, solutions = 1)
    285   239       13.3988    89       11.2399      141.3355   118480     --- z_ENSMUSP0000004 N    285    284    182
    286   238        cutoff             11.2399      141.3355   119289     --- z_ENSMUSP0000004 D    286    284    182
    290   240        cutoff             11.2399      141.3355   119866     --- x_ENSP0000035999 U    290    288    185
    293   243       13.3347    31       11.2399      141.3355   119896     --- x_ENSP0000032385 D    293    292    188
    296   244       13.3190    15       11.2399      141.3355   120310     --- x_ENSP0000034341 D    296    295    190
    300   248       11.7054    69       11.2399      141.3355   120855     --- x_ENSP0000031997 D    300    298    193
    303   249        cutoff             11.2399      141.3355   121472     --- x_ENSP0000026563 U    303    301    195
    305   250       13.2155    42       11.2399      141.3355   121522     --- x_ENSP0000022892 D    305    304    197
    306   251       13.2155    83       11.2399      141.3355   121531     --- x_ENSMUSP0000002 D    306    305    198
    309   252       13.1843    21       11.2399      141.3355   121627     --- x_ENSP0000024474 D    309    307    200
Elapsed time = 5209.29 sec. (2257320.02 ticks, tree = 13.78 MB, solutions = 1)
    311   252       13.1835     7       11.2399      141.3355   122358     --- x_ENSMUSP0000003 D    311    309    201
    314   253       13.1670     7       11.2399      141.3355   123003     --- x_ENSP0000029129 D    314    312    203
    315   254       11.7163     7       11.2399      141.3355   124264     --- x_ENSP0000032911 N    315    314    204
    317   254       11.5940     7       11.2399      141.3355   125012     --- x_ENSP0000030541 D    317    315    205
    318   254       11.5808    44       11.2399      141.3355   125018     --- x_ENSP0000026898 D    318    317    206
    320   255       11.5577    68       11.2399      141.3355   125073     --- x_ENSP0000036181 D    320    319    208
    322   256       11.5478    22       11.2399      141.3355   125118     --- x_ENSMUSP0000003 D    322    321    210
    324   258       11.5395    13       11.2399      141.3355   125137     --- x_ENSMUSP0000002 D    324    323    212
    330   262        cutoff             11.2399      141.3355   125394     --- x_ENSP0000035711 U    330    328    216
    331   263       11.4954    19       11.2399      141.3355   125400     --- x_ENSP0000037851 D    331    329    217
Elapsed time = 5473.46 sec. (2367264.75 ticks, tree = 14.14 MB, solutions = 1)
    336   265       11.2698     3       11.2399      141.3355   125834     --- x_ENSMUSP0000003 D    336    334    220
    339   265      132.9692   501       11.2399      141.3245   127089     --- x_ENSP0000021838 D    339      4      3
    340   266      128.6834   385       11.2399      141.3245   127934     --- x_ENSP0000025749 D    340    339      4
    342   268      126.1143   373       11.2399      141.3245   128618     --- x_ENSMUSP0000002 D    342    341      6
    343   269      103.4067     1       11.2399      141.3245   131104     --- x_ENSMUSP0000002 N    343    341      6
    345   271      103.4067     1       11.2399      141.3245   131782     --- x_ENSP0000033939 D    345    343      7
*   348+  139                           49.7404      141.3245   134132  184.12%
    348   141       99.5360    96       49.7404      141.3245   134132  184.12%x_ENSMUSP0000002 D    348    347      9
*   349+  137                           51.8632      141.3245   134303  172.49%
    351   141       99.2082    19       51.8632      141.3245   135080  172.49%x_ENSMUSP0000004 U    351    349     11
*   353+   71                           75.0440      141.3245   135933   88.32%
    353    73       99.1261    36       75.0440      141.3245   135933   88.32%x_ENSP0000034534 D    353    351     12
    354    74       91.4998    14       75.0440      141.3245   136907   88.32%x_ENSP0000034534 U    354    351     12
Elapsed time = 5869.09 sec. (2536544.34 ticks, tree = 7.10 MB, solutions = 4)
    356    76       96.8665     8       75.0440      141.3245   139351   88.32%x_ENSP0000025406 U    356    355     14
    358    78       98.0320    36       75.0440      141.3245   140928   88.32%x_ENSMUSP0000002 D    358    357     15
*   359+   69                           85.2850      141.3245   141177   65.71%
    360    72       96.8208    42       85.2850      141.3245   141237   65.71%x_ENSP0000024591 D    360    358     16
    362    74       96.2225    24       85.2850      141.3245   143315   65.71%x_ENSMUSP0000000 U    362    360     17
    364    76       95.9471    36       85.2850      141.3245   144005   65.71%x_ENSMUSP0000003 U    364    361     18
    366    78       94.6664    92       85.2850      141.3245   148552   65.71%x_ENSMUSP0000011 U    366    363     19
    367    79       95.1599    18       85.2850      141.3245   149862   65.71%z_ENSMUSP0000009 U    367    365     20
    369    81       94.0704    78       85.2850      141.3245   151326   65.71%x_ENSMUSP0000002 N    369    367     21
    370    82       94.2344    31       85.2850      141.3245   154936   65.71%x_ENSMUSP0000002 U    370    367     21
    372    84       93.9351     3       85.2850      141.3245   155808   65.71%x_ENSP0000034809 U    372    371     23
Elapsed time = 6391.36 sec. (2741580.57 ticks, tree = 7.39 MB, solutions = 5)
    373    85       87.3700    13       85.2850      141.3245   158575   65.71%x_ENSP0000034809 D    373    371     23
    375    87       93.8375    48       85.2850      141.3245   159606   65.71%x_ENSMUSP0000000 D    375    374     25
    377    89       93.8132    13       85.2850      141.3245   159931   65.71%x_ENSMUSP0000002 D    377    376     27
    378    90       93.7037     2       85.2850      141.3245   160889   65.71%x_ENSP0000028942 D    378    377     28
    379    89        cutoff             85.2850      141.3245   163890   65.71%x_ENSP0000028942 U    379    377     28
    382    92       93.6378    19       85.2850      141.3245   165040   65.71%x_ENSMUSP0000004 D    382    381     31
    383    91        cutoff             85.2850      141.3245   167414   65.71%x_ENSMUSP0000004 U    383    381     31
    385    93       93.5882   151       85.2850      141.3245   168152   65.71%x_ENSMUSP0000000 D    385    384     33
    388    96       93.5093    19       85.2850      141.3245   169090   65.71%x_ENSMUSP0000005 D    388    387     36
    389    97       89.9498   102       85.2850      141.3245   175033   65.71%x_ENSMUSP0000005 U    389    387     36
Elapsed time = 6908.94 sec. (2969803.34 ticks, tree = 7.83 MB, solutions = 5)
    390    98       93.4942    19       85.2850      141.3245   175440   65.71%x_ENSMUSP0000002 D    390    388     37
    392    98        cutoff             85.2850      141.3245   177861   65.71%x_ENSMUSP0000009 U    392    390     38
    395   101       91.0924    42       85.2850      141.3245   185387   65.71%x_ENSP0000032305 D    395    394     41
    397   103       86.2517     2       85.2850      141.3245   196714   65.71%x_ENSMUSP0000002 U    397    395     42
    398   104       90.8395    54       85.2850      141.3245   196831   65.71%x_ENSMUSP0000002 N    398    396     43
    400   104        cutoff             85.2850      141.3245   201190   65.71%x_ENSMUSP0000009 U    400    398     44
    401   105       90.4279    36       85.2850      141.3245   203283   65.71%x_ENSMUSP0000005 D    401    399     45
    402   104        cutoff             85.2850      141.3245   208360   65.71%mm_ENSMUSP000000 D    402    401     46
    403   105       89.2235    48       85.2850      141.3245   210928   65.71%mm_ENSMUSP000000 U    403    401     46
    404   106       89.1311   130       85.2850      141.3245   214357   65.71%x_ENSMUSP0000005 D    404    403     47
Elapsed time = 8196.33 sec. (3674287.32 ticks, tree = 8.11 MB, solutions = 5)
    406   108       89.0626    36       85.2850      141.3245   215289   65.71%x_ENSP0000032134 U    406    405     49
    407   107        cutoff             85.2850      141.3245   217965   65.71%x_ENSP0000031997 U    407    406     50
    408   108       86.9180    48       85.2850      141.3245   221098   65.71%x_ENSP0000031997 D    408    406     50
    410   108        cutoff             85.2850      141.3245   222020   65.71%x_ENSMUSP0000002 U    410    408     51
    411   109       85.7534    54       85.2850      141.3245   223051   65.71%x_ENSP0000039873 D    411    409     52
    414   108        cutoff             85.2850      141.3245   223896   65.71%x_ENSMUSP0000004 U    414    411     53
    415   109       85.7025    36       85.2850      141.3245   223964   65.71%x_ENSMUSP0000002 D    415    413     54
    417   109        cutoff             85.2850      141.3245   224724   65.71%mm_ENSP000003766 U    417    415     55
    419   109        cutoff             85.2850      141.3245   225406   65.71%mm_ENSMUSP000000 U    419    416     56
    422   110       85.5058    36       85.2850      141.3245   226304   65.71%          m_2288 D    422    420     58
Elapsed time = 8556.95 sec. (3818695.07 ticks, tree = 8.24 MB, solutions = 5)
    424   110        cutoff             85.2850      141.3245   227425   65.71%x_ENSP0000024545 U    424    422     59
    429   109      125.3792   542       85.2850      140.4002   228911   64.62%x_ENSP0000021838 U    429      4      3
    430   110      134.3323   634       85.2850      140.3477   230174   64.56%mm_ENSMUSP000000 D    430      2      2
    431   111      129.2354   787       85.2850      140.3477   231542   64.56%x_ENSP0000025749 D    431    430      3
    434   114      125.4609   808       85.2850      140.3477   232739   64.56%x_ENSMUSP0000002 D    434    433      6
    435   115      124.5644   854       85.2850      140.3477   233285   64.56%x_ENSMUSP0000002 D    435    434      7
    438   118      124.1578   925       85.2850      140.3477   234191   64.56%x_ENSP0000027425 N    438    437     10
    439   119      124.1576   892       85.2850      140.3477   234218   64.56%x_ENSMUSP0000002 D    439    438     11
    440   120      123.2155   792       85.2850      140.3477   234893   64.56%z_ENSMUSP0000003 D    440    439     12
    444   124      122.9967   670       85.2850      140.3477   235234   64.56%x_ENSMUSP0000002 U    444    443     16
Elapsed time = 9394.91 sec. (4456409.39 ticks, tree = 7.15 MB, solutions = 5)
    448   128      122.4365   390       85.2850      140.3477   235597   64.56%x_ENSMUSP0000003 D    448    447     20
    451   131      103.5375   284       85.2850      140.3477   238863   64.56%x_ENSP0000037643 U    451    450     23
    452   132      103.4264   278       85.2850      140.3477   239429   64.56%x_ENSP0000028124 D    452    451     24
    454   134      102.6690   196       85.2850      140.3477   240351   64.56%x_ENSMUSP0000005 D    454    453     26
    457   137      102.0058   130       85.2850      140.3477   241050   64.56%x_ENSMUSP0000002 D    457    456     29
    460   140      100.8318   329       85.2850      140.3477   242444   64.56%x_ENSP0000030370 D    460    459     32
    463   143       98.0253    90       85.2850      140.3477   243380   64.56%mm_ENSP000003955 U    463    462     35
    465   145       95.9149    67       85.2850      140.3477   246081   64.56%x_ENSP0000031997 U    465    464     37
    466   146       93.4548   287       85.2850      140.3477   255503   64.56%x_ENSMUSP0000005 N    466    465     38
    467   147       93.3535   182       85.2850      140.3477   256706   64.56%x_ENSMUSP0000002 U    467    466     39
Elapsed time = 10091.59 sec. (4769793.50 ticks, tree = 7.87 MB, solutions = 5)
    468   148       93.3231   315       85.2850      140.3477   257661   64.56%x_ENSMUSP0000000 D    468    467     40
    470   150       93.2852   224       85.2850      140.3477   258262   64.56%x_ENSMUSP0000002 D    470    469     42
    472   152       93.1550   174       85.2850      140.3477   258969   64.56%z_ENSMUSP0000000 D    472    471     44
    473   153       92.8451    42       85.2850      140.3477   259585   64.56%x_ENSMUSP0000011 U    473    472     45
    474   154       92.4738   138       85.2850      140.3477   260887   64.56%x_ENSP0000025718 D    474    473     46
    475   155       92.2427    48       85.2850      140.3477   261628   64.56%x_ENSP0000041007 D    475    474     47
    477   157       92.0698    24       85.2850      140.3477   262500   64.56%x_ENSP0000030989 D    477    476     49
    479   159       91.9676   108       85.2850      140.3477   263559   64.56%x_ENSMUSP0000011 D    479    478     51
    480   160       91.8981   114       85.2850      140.3477   263949   64.56%z_ENSMUSP0000008 U    480    479     52
    483   163       91.8466    30       85.2850      140.3477   264532   64.56%x_ENSP0000026250 D    483    482     55
Elapsed time = 10342.81 sec. (4854023.63 ticks, tree = 8.38 MB, solutions = 5)
    484   162        cutoff             85.2850      140.3477   265225   64.56%x_ENSMUSP0000000 D    484    483     56
    485   161        cutoff             85.2850      140.3477   268677   64.56%x_ENSMUSP0000000 U    485    483     56
    486   162      131.9526   576       85.2850      139.3466   269657   63.39%mm_ENSMUSP000000 U    486      2      2
    487   163      126.4883   719       85.2850      139.3466   270659   63.39%x_ENSP0000025749 D    487    486      3
    488   164      125.7244   713       85.2850      139.3466   270954   63.39%x_ENSP0000021838 D    488    487      4
    489   165      123.8251   739       85.2850      139.3466   271725   63.39%x_ENSMUSP0000002 D    489    488      5
    490   166      123.0259   643       85.2850      139.3466   272018   63.39%x_ENSMUSP0000002 D    490    489      6
    491   167      123.0120   657       85.2850      139.3466   272144   63.39%x_ENSP0000037643 D    491    490      7
    494   170      121.4790   472       85.2850      139.3466   272870   63.39%z_ENSMUSP0000003 D    494    493     10
    497   173      119.9956   801       85.2850      139.3466   275175   63.39%x_ENSMUSP0000008 N    497    496     13
Elapsed time = 10760.14 sec. (5025570.61 ticks, tree = 8.70 MB, solutions = 5)
    498   174      119.9946   665       85.2850      139.3466   275213   63.39%x_ENSMUSP0000000 D    498    497     14
    500   176      119.2848   601       85.2850      139.3466   275889   63.39%x_ENSMUSP0000002 D    500    499     16
    503   179      119.0993   571       85.2850      139.3466   276417   63.39%x_ENSMUSP0000004 D    503    502     19
    504   180      117.6750   606       85.2850      139.3466   277728   63.39%x_ENSP0000032134 D    504    503     20
    506   182      114.6808   301       85.2850      139.3466   279361   63.39%x_ENSMUSP0000002 D    506    505     22
    509   185      114.3128   301       85.2850      139.3466   280202   63.39%x_ENSP0000022716 D    509    508     25
    511   187      113.5535   245       85.2850      139.3466   280924   63.39%x_ENSP0000025406 D    511    510     27
    512   188      113.3605   264       85.2850      139.3466   281217   63.39%x_ENSP0000031997 D    512    511     28
    514   190      113.1621   245       85.2850      139.3466   281652   63.39%mm_ENSP000003955 D    514    513     30
    516   192      110.1623   234       85.2850      139.3466   282835   63.39%z_ENSMUSP0000008 U    516    515     32
Elapsed time = 11071.13 sec. (5174898.07 ticks, tree = 9.29 MB, solutions = 5)
    518   194      109.7714   209       85.2850      139.3466   283514   63.39%x_ENSMUSP0000005 D    518    517     34
    520   196      109.5270   235       85.2850      139.3466   284285   63.39%y_ENSMUSP0000001 D    520    519     36
    522   198      107.6651   289       85.2850      139.3466   285628   63.39%x_ENSMUSP0000007 U    522    521     38
    526   202      107.5812   241       85.2850      139.3466   286110   63.39%x_ENSP0000034118 D    526    525     42
    527   203      103.3952   515       85.2850      139.3466   295659   63.39%x_ENSP0000034534 N    527    526     43
    528   204      103.3930   378       85.2850      139.3466   295760   63.39%x_ENSMUSP0000004 D    528    527     44
    529   205      103.2521   456       85.2850      139.3466   296203   63.39%x_ENSMUSP0000009 D    529    528     45
    531   207      103.1049   336       85.2850      139.3466   296735   63.39%x_ENSMUSP0000002 D    531    530     47
    532   208      102.9792   244       85.2850      139.3466   297404   63.39%x_ENSMUSP0000000 D    532    531     48
    533   209      102.9732   250       85.2850      139.3466   297541   63.39%x_ENSMUSP0000002 D    533    532     49
Elapsed time = 11796.50 sec. (5589751.18 ticks, tree = 9.83 MB, solutions = 5)
    534   210      102.8788   226       85.2850      139.3466   298385   63.39%x_ENSMUSP0000009 D    534    533     50
    535   211      101.9384   436       85.2850      139.3466   300128   63.39%x_ENSMUSP0000009 D    535    534     51
    536   212      101.9311   480       85.2850      139.3466   300477   63.39%x_ENSP0000028942 D    536    535     52
    538   214      101.9098   379       85.2850      139.3466   301207   63.39%           m_183 D    538    537     54
    540   216      101.8358   294       85.2850      139.3466   301671   63.39%x_ENSP0000026250 D    540    539     56

Zero-half cuts applied:  126
User cuts applied:  22157

Root node processing (before b&c):
  Real time             = 2055.37 sec. (573450.96 ticks)
Sequential b&c:
  Real time             = 9944.70 sec. (5134967.08 ticks)
                          ------------
Total (root+branch&cut) = 12000.07 sec. (5708418.04 ticks)
Solved in 12004.5s
	Command being timed: "timeout 12500s /home/hsoueidan/xheinz/build/xHeinz_git_user_cuts -n1 48h/mouse_MA_scores_0.01_corrected_ensp_induced.tsv -n2 48h/human_MA_scores_0.01_corrected_ensp_induced.tsv -e1 /home/hsoueidan/xheinz/data/Th17/STRING/mmu-no_UBC.txt -e2 /home/hsoueidan/xheinz/data/Th17/STRING/hsa-no_UBC_no_SUMO2.txt -t 12000 -rt 2000 -cog data/ensembl_cog_ALL.tsv -a 0.95"
	User time (seconds): 11887.08
	System time (seconds): 149.84
	Percent of CPU this job got: 99%
	Elapsed (wall clock) time (h:mm:ss or m:ss): 3:20:42
	Average shared text size (kbytes): 0
	Average unshared data size (kbytes): 0
	Average stack size (kbytes): 0
	Average total size (kbytes): 0
	Maximum resident set size (kbytes): 21502656
	Average resident set size (kbytes): 0
	Major (requiring I/O) page faults: 0
	Minor (reclaiming a frame) page faults: 20036132
	Voluntary context switches: 567
	Involuntary context switches: 13588
	Swaps: 0
	File system inputs: 0
	File system outputs: 138232
	Socket messages sent: 0
	Socket messages received: 0
	Signals delivered: 0
	Page size (bytes): 4096
	Exit status: 0
