Warning: Control callbacks may disable some MIP features.
Lazy constraint(s) or lazy constraint callback is present.
    Disabling dual reductions (CPX_PARAM_REDUCE) in presolve.
Clique table members: 78509.
MIP emphasis: balance optimality and feasibility.
MIP search method: traditional branch-and-cut.
Parallel mode: none, using 1 thread.
Root relaxation solution time = 12.41 sec. (4252.80 ticks)

        Nodes                                         Cuts/
   Node  Left     Objective  IInf  Best Integer    Best Bound    ItCnt     Gap         Variable B NodeID Parent  Depth

      0     0      121.8563    83                    121.8563    15705         
*     0+    0                           30.6139      121.8563    15705  298.04%
      0     0      121.3658    19       30.6139      Cuts: 36    15721  296.44%
      0     0       96.1376   548       30.6139 UserPurge1: 62    16546  214.03%
      0     0       92.8481   560       30.6139 UserPurge1: 58    16588  203.29%
      0     0       89.5074   596       30.6139 UserPurge1: 59    16773  192.38%
      0     0       89.2892   650       30.6139 UserPurge1: 58    16919  191.66%
      0     0       89.1689   594       30.6139 UserPurge1: 33    17019  191.27%
      0     0       89.1210   761       30.6139 UserPurge1: 21    17106  191.11%
      0     0       89.1172   780       30.6139 UserPurge1: 23    17144  191.10%
      0     0       89.1010   702       30.6139 UserPurge1: 21    17190  191.05%
      0     0       89.0962   686       30.6139 UserPurge1: 18    17223  191.03%
      0     0       89.0767   696       30.6139 UserPurge1: 21    17263  190.97%
      0     0       89.0692   680       30.6139 UserPurge1: 18    17329  190.94%
      0     0       89.0685   853       30.6139 UserPurge1: 10    17345  190.94%
      0     0       89.0677   724       30.6139 UserPurge1: 3    17363  190.94%
      0     0       89.0672   871       30.6139 UserPurge1: 10    17371  190.94%
      0     0       89.0653   662       30.6139 UserPurge1: 3    17399  190.93%
      0     0       89.0651   853       30.6139 UserPurge1: 10    17411  190.93%
      0     0       89.0649   866       30.6139 UserPurge1: 11    17437  190.93%
      0     0       89.0647   712       30.6139 UserPurge1: 3    17444  190.93%
      0     0       89.0645   741       30.6139 UserPurge1: 10    17453  190.93%
      0     0       89.0642   889       30.6139 UserPurge1: 10    17474  190.93%
      0     0       89.0635   907       30.6139 UserPurge1: 3    17517  190.93%
      0     0       89.0627   900       30.6139 UserPurge1: 3    17529  190.92%
      0     0       89.0613   741       30.6139 UserPurge1: 3    17542  190.92%
      0     0       89.0606   890       30.6139 UserPurge1: 10    17555  190.92%
      0     0       89.0604   902       30.6139 UserPurge1: 3    17569  190.92%
      0     0       89.0602   884       30.6139 UserPurge1: 3    17580  190.91%
      0     0       89.0599   908       30.6139 UserPurge1: 12    17604  190.91%
      0     0       89.0596   926       30.6139 UserPurge1: 3    17619  190.91%
      0     0       89.0590   920       30.6139 UserPurge1: 3    17630  190.91%
      0     0       89.0587   907       30.6139 UserPurge1: 3    17643  190.91%
      0     0       89.0583   913       30.6139 UserPurge1: 11    17665  190.91%
      0     0       89.0574   932       30.6139 UserPurge1: 3    17686  190.91%
      0     0       89.0568   932       30.6139 UserPurge1: 3    17705  190.90%
      0     0       89.0566   944       30.6139 UserPurge1: 3    17727  190.90%
      0     0       89.0564   766       30.6139 UserPurge1: 3    17737  190.90%
      0     0       89.0553   950       30.6139 UserPurge1: 10    17798  190.90%
      0     0       89.0547   931       30.6139 UserPurge1: 3    17839  190.90%
      0     0       89.0544   944       30.6139 UserPurge1: 3    17859  190.90%
      0     0       89.0537   919       30.6139 UserPurge1: 3    17883  190.89%
      0     0       89.0533   772       30.6139 UserPurge1: 3    17906  190.89%
      0     0       89.0529   950       30.6139 UserPurge1: 10    17922  190.89%
      0     0       89.0526   950       30.6139 UserPurge1: 3    17940  190.89%
      0     0       89.0524   962       30.6139 UserPurge1: 3    17962  190.89%
      0     0       89.0523   974       30.6139 UserPurge1: 3    17973  190.89%
      0     0       89.0522   986       30.6139 UserPurge1: 3    17999  190.89%
      0     0       89.0520   968       30.6139 UserPurge1: 3    18014  190.89%
      0     0       89.0519   956       30.6139 UserPurge1: 3    18025  190.89%
      0     0       89.0518   991       30.6139 UserPurge1: 3    18048  190.89%
      0     0       89.0512   938       30.6139 UserPurge1: 3    18079  190.89%
      0     0       89.0503   914       30.6139 UserPurge1: 3    18100  190.88%
      0     0       89.0501   944       30.6139 UserPurge1: 3    18114  190.88%
      0     0       89.0497   944       30.6139 UserPurge1: 3    18125  190.88%
      0     0       89.0493   943       30.6139 UserPurge1: 3    18155  190.88%
      0     0       89.0489   961       30.6139 UserPurge1: 3    18195  190.88%
      0     0       89.0485   965       30.6139 UserPurge1: 3    18220  190.88%
      0     0       89.0483   799       30.6139 UserPurge1: 3    18243  190.88%
      0     0       89.0481   968       30.6139 UserPurge1: 10    18263  190.88%
      0     0       89.0479   953       30.6139 UserPurge1: 3    18289  190.87%
      0     0       89.0477   955       30.6139 UserPurge1: 3    18305  190.87%
      0     0       89.0475   986       30.6139 UserPurge1: 3    18325  190.87%
      0     0       89.0473   950       30.6139 UserPurge1: 3    18352  190.87%
      0     0       89.0473   962       30.6139 UserPurge1: 3    18378  190.87%
      0     0       89.0471   980       30.6139 UserPurge1: 3    18424  190.87%
      0     0       89.0469   968       30.6139 UserPurge1: 3    18440  190.87%
      0     0       89.0464   973       30.6139 UserPurge1: 3    18489  190.87%
      0     0       89.0455   980       30.6139 UserPurge1: 3    18537  190.87%
      0     0       89.0453   997       30.6139 UserPurge1: 3    18572  190.87%
      0     0       89.0453   997       30.6139 UserPurge1: 3    18585  190.87%
      0     0       89.0451  1003       30.6139 UserPurge1: 3    18603  190.87%
      0     0       89.0450  1008       30.6139 UserPurge1: 3    18620  190.86%
      0     0       89.0448   977       30.6139 UserPurge1: 3    18661  190.86%
      0     0       89.0446   998       30.6139 UserPurge1: 3    18693  190.86%
      0     0       89.0445  1008       30.6139 UserPurge1: 3    18714  190.86%
      0     0       89.0445   844       30.6139 UserPurge1: 3    18725  190.86%
      0     0       89.0444  1010       30.6139 UserPurge1: 10    18751  190.86%
      0     0       89.0443   991       30.6139 UserPurge1: 3    18783  190.86%
      0     0       89.0435  1012       30.6139 UserPurge1: 3    18834  190.86%
      0     0       89.0433   980       30.6139 UserPurge1: 3    18861  190.86%
      0     0       89.0430   980       30.6139 UserPurge1: 3    18898  190.86%
      0     0       89.0428   838       30.6139 UserPurge1: 3    18923  190.86%
      0     0       89.0416   986       30.6139 UserPurge1: 10    19013  190.85%
      0     0       89.0412   983       30.6139 UserPurge1: 3    19039  190.85%
      0     0       89.0409  1004       30.6139 UserPurge1: 11    19072  190.85%
      0     0       89.0404   968       30.6139 UserPurge1: 3    19124  190.85%
      0     0       89.0403   973       30.6139 UserPurge1: 3    19149  190.85%
      0     0       89.0401   992       30.6139 UserPurge1: 3    19171  190.85%
      0     0       89.0399   998       30.6139 UserPurge1: 3    19204  190.85%
      0     0       89.0399  1022       30.6139 UserPurge1: 3    19250  190.85%
      0     0       89.0398  1016       30.6139 UserPurge1: 3    19276  190.85%
      0     0       89.0397  1016       30.6139 UserPurge1: 3    19308  190.85%
      0     0       89.0396  1016       30.6139 UserPurge1: 3    19335  190.85%
      0     0       89.0394  1018       30.6139 UserPurge1: 3    19383  190.85%
      0     0       89.0392  1030       30.6139 UserPurge1: 3    19431  190.85%
      0     0       89.0391  1025       30.6139 UserPurge1: 3    19468  190.85%
      0     0       89.0390  1037       30.6139 UserPurge1: 3    19516  190.85%
      0     0       89.0388  1022       30.6139 UserPurge1: 3    19565  190.84%
      0     0       89.0386   998       30.6139 UserPurge1: 3    19600  190.84%
      0     0       89.0386  1003       30.6139 UserPurge1: 3    19617  190.84%
      0     0       89.0384   837       30.6139 UserPurge1: 3    19636  190.84%
      0     0       89.0384  1015       30.6139 UserPurge1: 10    19656  190.84%
      0     0       89.0383  1039       30.6139 UserPurge1: 3    19684  190.84%
      0     0       89.0381  1034       30.6139 UserPurge1: 3    19723  190.84%
      0     0       89.0380  1046       30.6139 UserPurge1: 3    19762  190.84%
      0     0       89.0376  1007       30.6139 UserPurge1: 3    19790  190.84%
      0     0       89.0373   991       30.6139 UserPurge1: 3    19835  190.84%
      0     0       89.0371   998       30.6139 UserPurge1: 3    19872  190.84%
      0     0       89.0370  1046       30.6139 UserPurge1: 3    19904  190.84%
      0     0       89.0366  1037       30.6139 UserPurge1: 3    19930  190.84%
      0     0       89.0365  1010       30.6139 UserPurge1: 3    19956  190.84%
      0     0       89.0363   823       30.6139 UserPurge1: 3    19984  190.84%
      0     0       89.0361  1009       30.6139 UserPurge1: 10    20025  190.84%
      0     0       89.0357  1004       30.6139 UserPurge1: 3    20090  190.83%
      0     0       89.0355  1010       30.6139 UserPurge1: 3    20122  190.83%
      0     0       89.0354  1010       30.6139 UserPurge1: 3    20155  190.83%
      0     0       89.0353  1021       30.6139 UserPurge1: 3    20180  190.83%
      0     0       89.0353  1028       30.6139 UserPurge1: 3    20200  190.83%
      0     0       89.0351  1034       30.6139 UserPurge1: 3    20243  190.83%
      0     0       89.0347  1010       30.6139 UserPurge1: 3    20286  190.83%
      0     0       89.0346   862       30.6139 UserPurge1: 3    20308  190.83%
      0     0       89.0345  1039       30.6139 UserPurge1: 3    20332  190.83%
      0     0       89.0345  1034       30.6139 UserPurge1: 3    20368  190.83%
      0     0       89.0344  1028       30.6139 UserPurge1: 3    20395  190.83%
      0     0       89.0343  1028       30.6139 UserPurge1: 3    20426  190.83%
      0     0       89.0341  1039       30.6139 UserPurge1: 3    20475  190.83%
      0     0       89.0339  1051       30.6139 UserPurge1: 12    20503  190.83%
      0     0       89.0336  1057       30.6139 UserPurge1: 3    20560  190.83%
      0     0       89.0332  1027       30.6139 UserPurge1: 3    20599  190.83%
      0     0       89.0331  1062       30.6139 UserPurge1: 3    20624  190.83%
      0     0       89.0330  1051       30.6139 UserPurge1: 3    20659  190.83%
      0     0       89.0329  1057       30.6139 UserPurge1: 3    20684  190.83%
      0     0       89.0327  1032       30.6139 UserPurge1: 3    20720  190.82%
      0     0       89.0324  1052       30.6139 UserPurge1: 3    20762  190.82%
      0     0       89.0323  1057       30.6139 UserPurge1: 3    20783  190.82%
      0     0       89.0320  1046       30.6139 UserPurge1: 3    20828  190.82%
      0     0       89.0317  1058       30.6139 UserPurge1: 3    20884  190.82%
      0     0       89.0316  1045       30.6139 UserPurge1: 3    20919  190.82%
      0     0       89.0315  1058       30.6139 UserPurge1: 3    20942  190.82%
      0     0       89.0314  1070       30.6139 UserPurge1: 3    20973  190.82%
      0     0       89.0313  1076       30.6139 UserPurge1: 3    20999  190.82%
      0     0       89.0313  1082       30.6139 UserPurge1: 3    21023  190.82%
      0     0       89.0312   898       30.6139 UserPurge1: 3    21053  190.82%
      0     0       89.0311  1076       30.6139 UserPurge1: 10    21091  190.82%
      0     0       89.0309  1064       30.6139 UserPurge1: 3    21144  190.82%
      0     0       89.0306  1058       30.6139 UserPurge1: 3    21175  190.82%
      0     0       89.0305  1040       30.6139 UserPurge1: 3    21199  190.82%
      0     0       89.0304  1064       30.6139 UserPurge1: 3    21237  190.82%
      0     0       89.0301  1046       30.6139 UserPurge1: 3    21284  190.82%
      0     0       89.0298  1052       30.6139 UserPurge1: 3    21368  190.82%
      0     0       89.0297  1058       30.6139 UserPurge1: 3    21408  190.81%
      0     0       89.0295  1058       30.6139 UserPurge1: 3    21459  190.81%
      0     0       89.0291  1039       30.6139 UserPurge1: 3    21531  190.81%
      0     0       89.0290  1040       30.6139 UserPurge1: 3    21590  190.81%
      0     0       89.0288  1058       30.6139 UserPurge1: 3    21633  190.81%
      0     0       89.0287  1057       30.6139 UserPurge1: 3    21657  190.81%
      0     0       89.0287  1058       30.6139 UserPurge1: 3    21689  190.81%
      0     0       89.0286  1070       30.6139 UserPurge1: 3    21712  190.81%
      0     0       89.0285  1058       30.6139 UserPurge1: 3    21746  190.81%
      0     0       89.0284  1076       30.6139 UserPurge1: 3    21788  190.81%
      0     0       89.0283  1051       30.6139 UserPurge1: 3    21810  190.81%
      0     0       89.0282  1058       30.6139 UserPurge1: 3    21841  190.81%
      0     0       89.0280  1034       30.6139 UserPurge1: 3    21874  190.81%
      0     0       89.0279  1058       30.6139 UserPurge1: 3    21910  190.81%
      0     0       89.0278  1064       30.6139 UserPurge1: 3    21958  190.81%
      0     0       89.0277  1088       30.6139 UserPurge1: 3    21996  190.81%
      0     0       89.0276  1105       30.6139 UserPurge1: 3    22048  190.81%
      0     0       89.0274  1034       30.6139 UserPurge1: 3    22096  190.81%
      0     0       89.0273  1051       30.6139 UserPurge1: 3    22111  190.81%
      0     0       89.0272  1051       30.6139 UserPurge1: 3    22150  190.81%
      0     0       89.0269  1040       30.6139 UserPurge1: 3    22193  190.81%
      0     0       89.0266  1028       30.6139 UserPurge1: 3    22236  190.80%
      0     0       89.0263   886       30.6139 UserPurge1: 3    22286  190.80%
      0     0       89.0261  1064       30.6139 UserPurge1: 10    22335  190.80%
      0     0       89.0260  1046       30.6139 UserPurge1: 3    22376  190.80%
      0     0       89.0259  1058       30.6139 UserPurge1: 3    22404  190.80%
      0     0       89.0259  1064       30.6139 UserPurge1: 3    22438  190.80%
      0     0       89.0258  1064       30.6139 UserPurge1: 3    22475  190.80%
      0     0       89.0258  1094       30.6139 UserPurge1: 3    22520  190.80%
      0     0       89.0258  1105       30.6139 UserPurge1: 3    22559  190.80%
      0     0       89.0257   916       30.6139 UserPurge1: 3    22594  190.80%
      0     0       89.0257  1076       30.6139 UserPurge1: 10    22661  190.80%
      0     0       89.0256  1088       30.6139 UserPurge1: 3    22716  190.80%
      0     0       89.0255  1076       30.6139 UserPurge1: 3    22747  190.80%
      0     0       89.0255  1100       30.6139 UserPurge1: 3    22791  190.80%
      0     0       89.0254  1076       30.6139 UserPurge1: 3    22867  190.80%
      0     0       89.0253  1082       30.6139 UserPurge1: 3    22918  190.80%
      0     0       89.0251  1070       30.6139 UserPurge1: 3    22999  190.80%
      0     0       89.0247  1052       30.6139 UserPurge1: 3    23066  190.80%
      0     0       89.0243  1051       30.6139 UserPurge1: 3    23124  190.80%
      0     0       89.0241  1082       30.6139 UserPurge1: 3    23172  190.80%
      0     0       89.0239  1058       30.6139 UserPurge1: 3    23219  190.80%
      0     0       89.0237  1052       30.6139 UserPurge1: 3    23269  190.80%
      0     0       89.0234  1064       30.6139 UserPurge1: 3    23349  190.79%
      0     0       89.0233  1081       30.6139 UserPurge1: 3    23399  190.79%
      0     0       89.0233   892       30.6139 UserPurge1: 3    23426  190.79%
      0     0       89.0232  1075       30.6139 UserPurge1: 10    23464  190.79%
      0     0       89.0231  1110       30.6139 UserPurge1: 3    23493  190.79%
      0     0       89.0230  1088       30.6139 UserPurge1: 3    23538  190.79%
      0     0       89.0229  1040       30.6139 UserPurge1: 3    23613  190.79%
      0     0       89.0228  1109       30.6139 UserPurge1: 3    23664  190.79%
      0     0       89.0227  1075       30.6139 UserPurge1: 3    23731  190.79%
      0     0       89.0225  1058       30.6139 UserPurge1: 3    23772  190.79%
      0     0       89.0224  1075       30.6139 UserPurge1: 3    23796  190.79%
      0     0       89.0224  1075       30.6139 UserPurge1: 3    23830  190.79%
      0     0       89.0223  1100       30.6139 UserPurge1: 3    23864  190.79%
      0     0       89.0223  1100       30.6139 UserPurge1: 3    23902  190.79%
      0     0       89.0223  1123       30.6139 UserPurge1: 3    23916  190.79%
      0     0       89.0221  1069       30.6139 UserPurge1: 3    23993  190.79%
      0     0       89.0220  1063       30.6139 UserPurge1: 3    24044  190.79%
      0     0       89.0219  1088       30.6139 UserPurge1: 3    24083  190.79%
      0     0       89.0218  1093       30.6139 UserPurge1: 3    24122  190.79%
      0     0       89.0217  1076       30.6139 UserPurge1: 3    24168  190.79%
      0     0       89.0215  1075       30.6139 UserPurge1: 3    24219  190.79%
      0     0       89.0214  1104       30.6139 UserPurge1: 3    24259  190.79%
      0     0       89.0214  1063       30.6139 UserPurge1: 3    24289  190.79%
      0     0       89.0214  1105       30.6139 UserPurge1: 3    24318  190.79%
      0     0       89.0213  1082       30.6139 UserPurge1: 3    24352  190.79%
      0     0       89.0212  1082       30.6139 UserPurge1: 3    24405  190.79%
      0     0       89.0210  1081       30.6139 UserPurge1: 3    24450  190.79%
      0     0       89.0209  1081       30.6139 UserPurge1: 3    24498  190.79%
      0     0       89.0209  1111       30.6139 UserPurge1: 3    24546  190.79%
      0     0       89.0207  1105       30.6139 UserPurge1: 3    24600  190.79%
      0     0       89.0207  1087       30.6139 UserPurge1: 3    24639  190.79%
      0     0       89.0206  1093       30.6139 UserPurge1: 3    24690  190.79%
      0     0       89.0205  1121       30.6139 UserPurge1: 3    24746  190.78%
      0     0       89.0202  1112       30.6139 UserPurge1: 3    24829  190.78%
      0     0       89.0199  1146       30.6139 UserPurge1: 3    24935  190.78%
      0     0       89.0195  1069       30.6139 UserPurge1: 3    25005  190.78%
      0     0       89.0194  1087       30.6139 UserPurge1: 3    25079  190.78%
      0     0       89.0193  1128       30.6139 UserPurge1: 3    25108  190.78%
      0     0       89.0192  1099       30.6139 UserPurge1: 3    25136  190.78%
      0     0       89.0191   922       30.6139 UserPurge1: 3    25162  190.78%
      0     0       89.0190  1109       30.6139 UserPurge1: 10    25196  190.78%
      0     0       89.0189  1057       30.6139 UserPurge1: 3    25266  190.78%
      0     0       89.0188  1121       30.6139 UserPurge1: 3    25300  190.78%
      0     0       89.0187  1068       30.6139 UserPurge1: 3    25335  190.78%
      0     0       89.0186  1115       30.6139 UserPurge1: 3    25370  190.78%
      0     0       89.0186  1121       30.6139 UserPurge1: 3    25397  190.78%
      0     0       89.0186  1117       30.6139 UserPurge1: 3    25451  190.78%
      0     0       89.0186  1105       30.6139 UserPurge1: 3    25474  190.78%
      0     0       89.0185  1099       30.6139 UserPurge1: 3    25521  190.78%
      0     0       89.0183  1133       30.6139 UserPurge1: 3    25587  190.78%
      0     0       89.0179  1063       30.6139 UserPurge1: 3    25643  190.78%
      0     0       89.0177  1063       30.6139 UserPurge1: 3    25706  190.78%
      0     0       89.0176  1108       30.6139 UserPurge1: 3    25755  190.78%
      0     0       89.0176  1103       30.6139 UserPurge1: 3    25800  190.78%
      0     0       89.0176  1075       30.6139 UserPurge1: 3    25861  190.78%
      0     0       89.0175  1087       30.6139 UserPurge1: 3    25892  190.78%
      0     0       89.0175  1087       30.6139 UserPurge1: 3    25924  190.78%
      0     0       89.0175  1087       30.6139 UserPurge1: 3    25969  190.77%
      0     0       89.0175  1157       30.6139 UserPurge1: 3    26014  190.77%
      0     0       89.0174  1099       30.6139 UserPurge1: 3    26053  190.77%
      0     0       89.0174  1111       30.6139 UserPurge1: 3    26090  190.77%
      0     0       89.0173  1150       30.6139 UserPurge1: 3    26160  190.77%
      0     0       89.0172  1087       30.6139 UserPurge1: 3    26191  190.77%
      0     0       89.0172  1087       30.6139 UserPurge1: 3    26260  190.77%
      0     0       89.0171  1087       30.6139 UserPurge1: 3    26305  190.77%
      0     0       89.0171  1105       30.6139 UserPurge1: 3    26334  190.77%
      0     0       89.0170  1157       30.6139 UserPurge1: 3    26394  190.77%
      0     0       89.0170  1157       30.6139 UserPurge1: 3    26453  190.77%
      0     0       89.0169  1157       30.6139 UserPurge1: 3    26530  190.77%
      0     0       89.0169  1175       30.6139 UserPurge1: 3    26582  190.77%
      0     0       89.0169  1123       30.6139 UserPurge1: 3    26621  190.77%
      0     0       89.0168  1123       30.6139 UserPurge1: 3    26666  190.77%
      0     0       89.0167  1157       30.6139 UserPurge1: 3    26725  190.77%
      0     0       89.0167  1187       30.6139 UserPurge1: 5    26780  190.77%
      0     0       89.0167  1136       30.6139 UserPurge1: 3    26836  190.77%
      0     0       89.0166  1118       30.6139 UserPurge1: 3    26874  190.77%
      0     0       89.0166  1142       30.6139 UserPurge1: 3    26910  190.77%
      0     0       89.0166  1182       30.6139 UserPurge1: 3    26959  190.77%
      0     0       89.0165  1140       30.6139 UserPurge1: 12    27008  190.77%
      0     0       89.0164  1124       30.6139 UserPurge1: 3    27054  190.77%
      0     0       89.0164  1130       30.6139 UserPurge1: 3    27090  190.77%
      0     0       89.0164  1176       30.6139 UserPurge1: 3    27132  190.77%
      0     0       89.0163  1176       30.6139 UserPurge1: 3    27198  190.77%
      0     0       89.0161  1138       30.6139 UserPurge1: 3    27255  190.77%
      0     0       89.0160  1140       30.6139 UserPurge1: 3    27329  190.77%
      0     0       89.0158  1163       30.6139 UserPurge1: 3    27385  190.77%
      0     0       89.0156  1093       30.6139 UserPurge1: 3    27451  190.77%
      0     0       89.0155  1099       30.6139 UserPurge1: 3    27498  190.77%
      0     0       89.0153  1157       30.6139 UserPurge1: 5    27575  190.77%
      0     0       89.0153  1157       30.6139 UserPurge1: 3    27634  190.77%
      0     0       89.0152  1129       30.6139 UserPurge1: 3    27676  190.77%
      0     0       89.0152  1169       30.6139 UserPurge1: 3    27742  190.77%
      0     0       89.0152  1129       30.6139 UserPurge1: 3    27787  190.77%
      0     0       89.0151  1110       30.6139 UserPurge1: 3    27836  190.77%
      0     0       89.0151  1111       30.6139 UserPurge1: 3    27879  190.77%
      0     0       89.0151  1118       30.6139 UserPurge1: 3    27916  190.77%
      0     0       89.0150  1106       30.6139 UserPurge1: 3    27985  190.77%
      0     0       89.0150  1136       30.6139 UserPurge1: 3    28025  190.77%
      0     0       89.0149  1117       30.6139 UserPurge1: 3    28072  190.77%
      0     0       89.0148  1141       30.6139 UserPurge1: 3    28119  190.77%
      0     0       89.0148  1163       30.6139 UserPurge1: 3    28181  190.77%
      0     0       89.0147  1142       30.6139 UserPurge1: 5    28218  190.77%
      0     0       89.0147  1142       30.6139 UserPurge1: 3    28255  190.77%
      0     0       89.0145  1129       30.6139 UserPurge1: 3    28333  190.77%
      0     0       89.0144  1164       30.6139 UserPurge1: 3    28386  190.76%
      0     0       89.0144  1136       30.6139 UserPurge1: 3    28422  190.76%
      0     0       89.0143  1194       30.6139 UserPurge1: 3    28481  190.76%
      0     0       89.0142  1176       30.6139 UserPurge1: 3    28536  190.76%
      0     0       89.0140  1200       30.6139 UserPurge1: 3    28586  190.76%
      0     0       89.0139  1176       30.6139 UserPurge1: 3    28631  190.76%
      0     0       89.0138  1148       30.6139 UserPurge1: 3    28671  190.76%
      0     0       89.0137  1148       30.6139 UserPurge1: 3    28742  190.76%
      0     0       89.0136   945       30.6139 UserPurge1: 3    28806  190.76%
      0     0       89.0135  1124       30.6139 UserPurge1: 10    28844  190.76%
      0     0       89.0134  1142       30.6139 UserPurge1: 3    28880  190.76%
      0     0       89.0134  1117       30.6139 UserPurge1: 3    28909  190.76%
      0     0       89.0133  1175       30.6139 UserPurge1: 3    28956  190.76%
      0     0       89.0133  1135       30.6139 UserPurge1: 3    29004  190.76%
      0     0       89.0132  1147       30.6139 UserPurge1: 3    29065  190.76%
      0     0       89.0131  1159       30.6139 UserPurge1: 3    29115  190.76%
      0     0       89.0129  1117       30.6139 UserPurge1: 3    29191  190.76%
      0     0       89.0128  1123       30.6139 UserPurge1: 3    29244  190.76%
      0     0       89.0128  1111       30.6139 UserPurge1: 3    29282  190.76%
      0     0       89.0127  1181       30.6139 UserPurge1: 3    29348  190.76%
      0     0       89.0127  1135       30.6139 UserPurge1: 3    29386  190.76%
      0     0       89.0126  1148       30.6139 UserPurge1: 3    29452  190.76%
      0     0       89.0124  1124       30.6139 UserPurge1: 3    29501  190.76%
      0     0       89.0122  1112       30.6139 UserPurge1: 3    29537  190.76%
      0     0       89.0121  1116       30.6139 UserPurge1: 3    29582  190.76%
      0     0       89.0120  1130       30.6139 UserPurge1: 3    29627  190.76%
      0     0       89.0120  1147       30.6139 UserPurge1: 3    29671  190.76%
      0     0       89.0120  1135       30.6139 UserPurge1: 3    29702  190.76%
      0     0       89.0119  1142       30.6139 UserPurge1: 3    29762  190.76%
      0     0       89.0118  1129       30.6139 UserPurge1: 3    29825  190.76%
      0     0       89.0118  1153       30.6139 UserPurge1: 3    29874  190.76%
      0     0       89.0117  1105       30.6139 UserPurge1: 3    29920  190.76%
      0     0       89.0116  1181       30.6139 UserPurge1: 3    29970  190.76%
      0     0       89.0115  1141       30.6139 UserPurge1: 3    30033  190.76%
      0     0       89.0114  1141       30.6139 UserPurge1: 3    30073  190.75%
      0     0       89.0113  1147       30.6139 UserPurge1: 3    30115  190.75%
      0     0       89.0112  1159       30.6139 UserPurge1: 3    30154  190.75%
      0     0       89.0110  1141       30.6139 UserPurge1: 3    30204  190.75%
      0     0       89.0110  1141       30.6139 UserPurge1: 3    30233  190.75%
      0     0       89.0109  1159       30.6139 UserPurge1: 3    30288  190.75%
      0     0       89.0109  1165       30.6139 UserPurge1: 3    30326  190.75%
      0     0       89.0107  1175       30.6139 UserPurge1: 3    30426  190.75%
      0     0       89.0105  1123       30.6139 UserPurge1: 3    30504  190.75%
      0     0       89.0105  1147       30.6139 UserPurge1: 3    30547  190.75%
      0     0       89.0104  1193       30.6139 UserPurge1: 3    30611  190.75%
      0     0       89.0103  1187       30.6139 UserPurge1: 3    30672  190.75%
      0     0       89.0101  1187       30.6139 UserPurge1: 3    30744  190.75%
      0     0       89.0100  1175       30.6139 UserPurge1: 3    30855  190.75%
      0     0       89.0099  1128       30.6139 UserPurge1: 3    30903  190.75%
      0     0       89.0098  1141       30.6139 UserPurge1: 3    30974  190.75%
      0     0       89.0097  1181       30.6139 UserPurge1: 3    31016  190.75%
      0     0       89.0095  1159       30.6139 UserPurge1: 3    31093  190.75%
      0     0       89.0094  1136       30.6139 UserPurge1: 3    31132  190.75%
      0     0       89.0093  1136       30.6139 UserPurge1: 3    31182  190.75%
      0     0       89.0092  1167       30.6139 UserPurge1: 3    31243  190.75%
      0     0       89.0091  1136       30.6139 UserPurge1: 10    31304  190.75%
      0     0       89.0090  1136       30.6139 UserPurge1: 3    31362  190.75%
      0     0       89.0088   970       30.6139 UserPurge1: 3    31413  190.75%
      0     0       89.0087  1194       30.6139 UserPurge1: 10    31457  190.75%
      0     0       89.0087  1188       30.6139 UserPurge1: 3    31493  190.75%
      0     0       89.0085  1160       30.6139 UserPurge1: 3    31573  190.75%
      0     0       89.0084  1142       30.6139 UserPurge1: 3    31653  190.75%
      0     0       89.0083  1146       30.6139 UserPurge1: 3    31725  190.74%
      0     0       89.0082  1130       30.6139 UserPurge1: 10    31778  190.74%
      0     0       89.0082  1130       30.6139 UserPurge1: 3    31816  190.74%
      0     0       89.0081  1177       30.6139 UserPurge1: 11    31856  190.74%
      0     0       89.0081  1176       30.6139 UserPurge1: 3    31911  190.74%
      0     0       89.0081  1206       30.6139 UserPurge1: 10    31946  190.74%
      0     0       89.0080  1193       30.6139 UserPurge1: 3    32006  190.74%
      0     0       89.0079  1188       30.6139 UserPurge1: 3    32069  190.74%
      0     0       89.0078  1154       30.6139 UserPurge1: 10    32120  190.74%
      0     0       89.0077  1202       30.6139 UserPurge1: 3    32203  190.74%
      0     0       89.0075  1178       30.6139 UserPurge1: 3    32284  190.74%
      0     0       89.0074  1184       30.6139 UserPurge1: 3    32362  190.74%
      0     0       89.0072  1223       30.6139 UserPurge1: 3    32440  190.74%
      0     0       89.0071  1212       30.6139 UserPurge1: 3    32507  190.74%
      0     0       89.0070  1183       30.6139 UserPurge1: 3    32549  190.74%
      0     0       89.0069  1220       30.6139 UserPurge1: 3    32643  190.74%
      0     0       89.0068  1160       30.6139 UserPurge1: 17    32695  190.74%
      0     0       89.0067  1177       30.6139 UserPurge1: 12    32742  190.74%
      0     0       89.0066  1188       30.6139 UserPurge1: 3    32819  190.74%
      0     0       89.0065  1154       30.6139 UserPurge1: 3    32946  190.74%
      0     0       89.0064  1153       30.6139 UserPurge1: 3    32992  190.74%
      0     0       89.0063  1217       30.6139 UserPurge1: 5    33044  190.74%
      0     0       89.0063  1189       30.6139 UserPurge1: 3    33093  190.74%
      0     0       89.0063  1212       30.6139 UserPurge1: 17    33143  190.74%
      0     0       89.0062  1154       30.6139 UserPurge1: 3    33198  190.74%
      0     0       89.0061  1184       30.6139 UserPurge1: 3    33256  190.74%
      0     0       89.0059  1196       30.6139 UserPurge1: 3    33324  190.74%
      0     0       89.0059  1184       30.6139 UserPurge1: 3    33375  190.74%
      0     0       89.0058  1178       30.6139 UserPurge1: 3    33446  190.74%
      0     0       89.0057  1206       30.6139 UserPurge1: 3    33502  190.74%
      0     0       89.0057  1172       30.6139 UserPurge1: 3    33553  190.74%
      0     0       89.0056  1160       30.6139 UserPurge1: 3    33619  190.74%
      0     0       89.0055  1147       30.6139 UserPurge1: 3    33693  190.74%
      0     0       89.0055  1171       30.6139 UserPurge1: 5    33766  190.74%
      0     0       89.0054  1199       30.6139 UserPurge1: 3    33843  190.74%
      0     0       89.0052  1159       30.6139 UserPurge1: 3    33908  190.73%
      0     0       89.0052  1224       30.6139 UserPurge1: 3    33959  190.73%
      0     0       89.0051  1166       30.6139 UserPurge1: 3    34018  190.73%
      0     0       89.0050  1206       30.6139 UserPurge1: 3    34069  190.73%
      0     0       89.0049  1223       30.6139 UserPurge1: 3    34137  190.73%
      0     0       89.0049  1184       30.6139 UserPurge1: 3    34181  190.73%
      0     0       89.0049  1171       30.6139 UserPurge1: 3    34231  190.73%
      0     0       89.0047  1205       30.6139 UserPurge1: 3    34295  190.73%
      0     0       89.0046  1188       30.6139 UserPurge1: 3    34370  190.73%
      0     0       89.0045  1184       30.6139 UserPurge1: 3    34447  190.73%
      0     0       89.0044  1224       30.6139 UserPurge1: 3    34508  190.73%
      0     0       89.0044  1166       30.6139 UserPurge1: 3    34568  190.73%
      0     0       89.0043  1178       30.6139 UserPurge1: 3    34612  190.73%
      0     0       89.0043  1190       30.6139 UserPurge1: 3    34683  190.73%
      0     0       89.0042  1171       30.6139 UserPurge1: 3    34736  190.73%
      0     0       89.0041  1235       30.6139 UserPurge1: 3    34799  190.73%
      0     0       89.0041  1201       30.6139 UserPurge1: 3    34872  190.73%
      0     0       89.0040  1177       30.6139 UserPurge1: 3    34928  190.73%
      0     0       89.0040  1195       30.6139 UserPurge1: 3    34994  190.73%
      0     0       89.0039  1189       30.6139 UserPurge1: 3    35046  190.73%
      0     0       89.0039  1241       30.6139 UserPurge1: 3    35118  190.73%
      0     0       89.0038  1235       30.6139 UserPurge1: 3    35188  190.73%
      0     0       89.0037  1243       30.6139 UserPurge1: 17    35259  190.73%
      0     0       89.0036  1177       30.6139 UserPurge1: 17    35333  190.73%
      0     0       89.0034  1253       30.6139 UserPurge1: 3    35404  190.73%
      0     0       89.0034  1253       30.6139 UserPurge1: 3    35448  190.73%
      0     0       89.0033  1201       30.6139 UserPurge1: 3    35523  190.73%
      0     0       89.0031  1189       30.6139 UserPurge1: 3    35594  190.73%
      0     0       89.0029  1211       30.6139 UserPurge1: 3    35674  190.73%
      0     0       89.0028  1211       30.6139 UserPurge1: 3    35739  190.73%
      0     0       89.0027  1183       30.6139 UserPurge1: 3    35800  190.73%
      0     0       89.0027  1201       30.6139 UserPurge1: 3    35858  190.73%
      0     0       89.0026  1171       30.6139 UserPurge1: 3    35920  190.73%
      0     0       89.0026  1211       30.6139 UserPurge1: 3    35987  190.73%
      0     0       89.0025  1229       30.6139 UserPurge1: 6    36038  190.73%
      0     0       89.0025  1241       30.6139 UserPurge1: 3    36099  190.73%
      0     0       89.0024  1259       30.6139 UserPurge1: 3    36169  190.73%
      0     0       89.0024  1182       30.6139 UserPurge1: 3    36232  190.73%
      0     0       89.0023  1177       30.6139 UserPurge1: 3    36284  190.73%
      0     0       89.0022  1235       30.6139 UserPurge1: 3    36354  190.73%
      0     0       89.0022  1235       30.6139 UserPurge1: 3    36422  190.72%
      0     0       89.0021  1217       30.6139 UserPurge1: 3    36500  190.72%
      0     0       89.0021  1195       30.6139 UserPurge1: 3    36539  190.72%
      0     0       89.0021  1194       30.6139 UserPurge1: 3    36587  190.72%
      0     0       89.0020  1247       30.6139 UserPurge1: 3    36660  190.72%
      0     0       89.0019  1189       30.6139 UserPurge1: 3    36720  190.72%
      0     0       89.0018  1207       30.6139 UserPurge1: 3    36820  190.72%
      0     0       89.0017  1195       30.6139 UserPurge1: 3    36897  190.72%
      0     0       89.0015  1184       30.6139 UserPurge1: 3    36975  190.72%
      0     0       89.0015  1207       30.6139 UserPurge1: 3    37037  190.72%
      0     0       89.0013  1220       30.6139 UserPurge1: 3    37156  190.72%
      0     0       89.0012  1184       30.6139 UserPurge1: 3    37234  190.72%
      0     0       89.0012  1172       30.6139 UserPurge1: 3    37271  190.72%
      0     0       89.0011  1214       30.6139 UserPurge1: 3    37333  190.72%
      0     0       89.0010  1172       30.6139 UserPurge1: 17    37376  190.72%
      0     0       89.0009  1214       30.6139 UserPurge1: 3    37442  190.72%
      0     0       89.0008  1213       30.6139 UserPurge1: 17    37520  190.72%
      0     0       89.0008  1220       30.6139 UserPurge1: 3    37577  190.72%
      0     0       89.0007  1190       30.6139 UserPurge1: 17    37657  190.72%
      0     0       89.0006  1184       30.6139 UserPurge1: 3    37706  190.72%
      0     0       89.0005  1178       30.6139 UserPurge1: 3    37780  190.72%
      0     0       89.0004  1166       30.6139 UserPurge1: 3    37848  190.72%
      0     0       89.0004  1184       30.6139 UserPurge1: 3    37906  190.72%
      0     0       89.0003  1208       30.6139 UserPurge1: 3    37959  190.72%
      0     0       89.0002  1220       30.6139 UserPurge1: 3    38029  190.72%
      0     0       89.0002  1248       30.6139 UserPurge1: 3    38117  190.72%
      0     0       89.0001  1259       30.6139 UserPurge1: 3    38181  190.72%
      0     0       89.0000  1248       30.6139 UserPurge1: 17    38231  190.72%
      0     0       88.9999  1220       30.6139 UserPurge1: 3    38313  190.72%
      0     0       88.9999  1214       30.6139 UserPurge1: 3    38363  190.72%
      0     0       88.9998  1208       30.6139 UserPurge1: 3    38415  190.72%
      0     0       88.9996  1253       30.6139 UserPurge1: 3    38494  190.72%
      0     0       88.9995  1266       30.6139 UserPurge1: 3    38561  190.72%
      0     0       88.9994  1235       30.6139 UserPurge1: 17    38609  190.72%
      0     0       88.9993  1289       30.6139 UserPurge1: 3    38716  190.72%
      0     0       88.9992  1220       30.6139 UserPurge1: 10    38806  190.72%
      0     0       88.9991  1226       30.6139 UserPurge1: 3    38884  190.71%
      0     0       88.9991  1309       30.6139 UserPurge1: 3    38956  190.71%
      0     0       88.9990  1248       30.6139 UserPurge1: 10    39029  190.71%
      0     0       88.9988  1248       30.6139 UserPurge1: 3    39125  190.71%
      0     0       88.9986  1208       30.6139 UserPurge1: 3    39208  190.71%
      0     0       88.9984  1242       30.6139 UserPurge1: 3    39286  190.71%
      0     0       88.9983  1226       30.6139 UserPurge1: 3    39368  190.71%
      0     0       88.9982  1190       30.6139 UserPurge1: 3    39445  190.71%
      0     0       88.9981  1225       30.6139 UserPurge1: 3    39503  190.71%
      0     0       88.9979  1266       30.6139 UserPurge1: 3    39584  190.71%
      0     0       88.9978  1253       30.6139 UserPurge1: 3    39649  190.71%
      0     0       88.9977  1241       30.6139 UserPurge1: 3    39723  190.71%
      0     0       88.9976  1236       30.6139 UserPurge1: 3    39788  190.71%
      0     0       88.9975  1242       30.6139 UserPurge1: 3    39856  190.71%
      0     0       88.9975  1248       30.6139 UserPurge1: 3    39903  190.71%
      0     0       88.9974  1248       30.6139 UserPurge1: 3    39971  190.71%
      0     0       88.9974  1220       30.6139 UserPurge1: 3    40077  190.71%
      0     2       88.9974  1220       30.6139       88.9972    40077  190.71%                        0             0
Elapsed time = 2113.90 sec. (609235.23 ticks, tree = 0.00 MB, solutions = 1)
      1     3       86.5435   582       30.6139       86.1732    40918  181.48%x_ENSP0000028124 D      1      0      1
      2     4       85.6069   675       30.6139       85.6068    42549  179.63%z_ENSMUSP0000000 N      2      1      2
      3     5       83.6335    25       30.6139       85.6068    43087  179.63%x_ENSP0000031848 D      3      2      3
      4     5       84.2178   395       30.6139       84.5719    43568  176.25%x_ENSP0000031848 U      4      2      3
      5     6       81.3454   576       30.6139       84.5719    45436  176.25%mm_ENSP000002803 N      5      4      4
      6     7       81.0003   502       30.6139       84.5719    47605  176.25%x_ENSMUSP0000002 D      6      5      5
      7     6        cutoff             30.6139       84.5719    49650  176.25%x_ENSMUSP0000002 U      7      5      5
      8     7       80.7245   187       30.6139       84.5719    51052  176.25%x_ENSP0000035669 D      8      6      6
      9     7       38.7882   109       30.6139       84.5719    51558  176.25%x_ENSP0000035669 U      9      6      6
     10     8       38.7882   116       30.6139       84.5719    53711  176.25%mm_ENSP000002692 D     10      9      7
Elapsed time = 2416.78 sec. (734410.43 ticks, tree = 0.18 MB, solutions = 1)
     12     6       30.2203   146       30.6139       84.5719    56383  176.25%x_ENSMUSP0000010 D     12     10      8
     13     7       80.8006   481       30.6139       83.6063    58212  173.10%x_ENSP0000028124 U     13      0      1
     14     8       80.5939   463       30.6139       83.6063    58218  173.10%x_ENSMUSP0000005 D     14     13      2
     15     9       80.3614   462       30.6139       83.6063    58396  173.10%z_ENSMUSP0000000 D     15     14      3
     16    10       70.7221   556       30.6139       83.6063    59284  173.10%x_ENSMUSP0000002 N     16     15      4
     17    11       70.4571   395       30.6139       83.6063    59476  173.10%x_ENSP0000035669 D     17     16      5
     18    12       69.4998   353       30.6139       83.6063    59871  173.10%x_ENSP0000025749 D     18     17      6
     21    15       50.3974    37       30.6139       83.6063    60623  173.10%z_ENSMUSP0000005 U     21     19      8
     22    16       64.6604   546       30.6139       83.6063    61191  173.10%z_ENSMUSP0000011 N     22     20      9
     23    17       47.7274    91       30.6139       83.6063    61872  173.10%z_ENSMUSP0000011 U     23     20      9
Elapsed time = 2623.68 sec. (805332.05 ticks, tree = 0.44 MB, solutions = 1)
     24    18       64.1401   185       30.6139       83.6063    62047  173.10%x_ENSP0000034447 D     24     22     10
     25    19       58.3299   136       30.6139       83.6063    62722  173.10%x_ENSP0000034447 U     25     22     10
     26    20       58.2869   137       30.6139       83.6063    62768  173.10%x_ENSP0000028162 D     26     25     11
     29    23       49.4284   558       30.6139       83.6063    65565  173.10%x_ENSMUSP0000002 N     29     28     13
     30    24       45.8769   274       30.6139       83.6063    66530  173.10%x_ENSMUSP0000002 U     30     28     13
     31    25       49.1732   522       30.6139       83.6063    66709  173.10%mm_ENSMUSP000000 D     31     29     14
     33    25       47.6306   534       30.6139       83.6063    67120  173.10%x_ENSMUSP0000007 D     33     31     15
     34    26       46.8082   162       30.6139       83.6063    67446  173.10%x_ENSMUSP0000007 U     34     31     15
     35    27       47.2716   417       30.6139       83.6063    67658  173.10%x_ENSMUSP0000002 D     35     33     16
     38    28       34.9144   304       30.6139       83.6063    68434  173.10%x_ENSP0000024590 U     38     35     17
Elapsed time = 2901.99 sec. (945996.50 ticks, tree = 0.76 MB, solutions = 1)
     39    28       39.6723   532       30.6139       83.6063    70175  173.10%x_ENSMUSP0000002 N     39     37     18
     43    32       39.5092   195       30.6139       83.6063    70411  173.10%x_ENSP0000022913 U     43     41     21
     45    32        cutoff             30.6139       83.6063    71080  173.10%mm_ENSMUSP000000 U     45     43     22
     46    33       39.2940   258       30.6139       83.6063    71108  173.10%z_ENSMUSP0000000 D     46     44     23
     49    34       39.1290   259       30.6139       83.6063    71476  173.10%x_ENSP0000034118 D     49     47     25
     50    35       37.6715   366       30.6139       83.6063    72979  173.10%x_ENSP0000033438 N     50     49     26
     51    35       34.2681   192       30.6139       83.6063    73554  173.10%x_ENSP0000033438 U     51     49     26
     54    38       33.7865   167       30.6139       83.6063    73771  173.10%x_ENSP0000034676 D     54     53     29
     55    39       32.0599    89       30.6139       83.6063    74170  173.10%x_ENSP0000034676 U     55     53     29
     56    40       33.1720   173       30.6139       83.6063    74645  173.10%y_ENSMUSP0000002 D     56     54     30
Elapsed time = 3151.55 sec. (1041095.58 ticks, tree = 1.12 MB, solutions = 1)
     58    42       30.8440   137       30.6139       83.6063    74925  173.10%x_ENSMUSP0000004 U     58     56     31
     61    41        cutoff             30.6139       83.6063    75371  173.10%x_ENSMUSP0000010 N     61     59     33
     63    41       74.3843   693       30.6139       83.6035    76069  173.09%x_ENSP0000034447 D     63      3      4
     64    42       74.0562   673       30.6139       83.6035    76179  173.09%x_ENSMUSP0000005 D     64     63      5
     65    43       73.4109   857       30.6139       83.6035    76499  173.09%x_ENSMUSP0000002 D     65     64      6
     67    45       72.3690   171       30.6139       83.6035    76938  173.09%x_ENSP0000025749 D     67     66      8
     68    46       71.9053   508       30.6139       83.6035    77272  173.09%x_ENSMUSP0000002 D     68     67      9
     70    48       69.3650   629       30.6139       83.6035    77562  173.09%x_ENSP0000025495 D     70     69     11
     71    49       69.1864   592       30.6139       83.6035    78645  173.09%z_ENSMUSP0000005 D     71     70     12
     72    50       67.3030   581       30.6139       83.6035    78877  173.09%x_ENSP0000028162 D     72     71     13
Elapsed time = 3430.71 sec. (1203381.59 ticks, tree = 1.41 MB, solutions = 1)
     73    51       62.8674   649       30.6139       83.6035    79788  173.09%x_ENSMUSP0000007 N     73     72     14
     75    53       62.2703   636       30.6139       83.6035    80157  173.09%x_ENSP0000034676 D     75     74     16
     78    56       57.2624   231       30.6139       83.6035    80770  173.09%x_ENSMUSP0000002 U     78     77     19
     82    60       56.7016    92       30.6139       83.6035    80854  173.09%mm_ENSMUSP000000 D     82     81     23
     84    62       54.8086    80       30.6139       83.6035    81319  173.09%x_ENSMUSP0000004 D     84     83     25
     85    63       44.7952   576       30.6139       83.6035    86539  173.09%mm_ENSMUSP000000 N     85     84     26
     86    64       44.7289   297       30.6139       83.6035    86758  173.09%          m_3003 D     86     85     27
     87    65       44.6429   423       30.6139       83.6035    87020  173.09%x_ENSP0000032396 D     87     86     28
     88    66       43.6151   346       30.6139       83.6035    87456  173.09%x_ENSMUSP0000006 D     88     87     29
     89    67       43.5861   332       30.6139       83.6035    87690  173.09%y_ENSP0000031928 D     89     88     30
Elapsed time = 4064.45 sec. (1581559.92 ticks, tree = 1.92 MB, solutions = 1)
     90    68       43.1175   242       30.6139       83.6035    88035  173.09%x_ENSP0000028015 U     90     89     31
     93    71       42.6150   254       30.6139       83.6035    88391  173.09%mm_ENSMUSP000000 D     93     92     34
     94    72       42.4683   244       30.6139       83.6035    88600  173.09%x_ENSP0000023924 U     94     93     35
     95    73       42.3393   272       30.6139       83.6035    88951  173.09%x_ENSP0000025184 D     95     94     36
     96    74       42.2955   322       30.6139       83.6035    89150  173.09%x_ENSP0000041256 D     96     95     37
     98    76       34.2839   476       30.6139       83.6035    94796  173.09%x_ENSP0000036771 N     98     97     39
     99    77       31.3378   240       30.6139       83.6035    95559  173.09%mm_ENSP000002207 U     99     98     40
    100    77       31.3122   228       30.6139       83.6035    95632  173.09%mm_ENSMUSP000001 D    100     99     41
    102    78       31.1695   228       30.6139       83.6035    96269  173.09%x_ENSMUSP0000005 D    102    101     43
    103    79       31.1695   228       30.6139       83.6035    96290  173.09%x_ENSMUSP0000003 D    103    102     44
Elapsed time = 4493.38 sec. (1792409.65 ticks, tree = 2.27 MB, solutions = 1)
    104    79       31.0965   210       30.6139       83.6035    96654  173.09%x_ENSMUSP0000011 D    104    103     45
    105    80       31.0965   210       30.6139       83.6035    97118  173.09%x_ENSMUSP0000004 D    105    104     46
    106    81       31.0589   222       30.6139       83.6035    97656  173.09%mm_ENSMUSP000000 D    106    105     47
    108    82       31.0016   183       30.6139       83.6035    97814  173.09%x_ENSMUSP0000011 D    108    107     49
    110    83       30.9758   162       30.6139       83.6035    97986  173.09%x_ENSP0000036463 D    110    109     51
    112    83        cutoff             30.6139       83.6035    98205  173.09%x_ENSP0000030955 N    112    111     53
    114    83       67.1485   532       30.6139       80.7690    99030  163.83%x_ENSP0000034447 U    114      3      4
    116    85       66.2219   395       30.6139       80.7690    99279  163.83%x_ENSP0000025749 D    116    115      6
    118    87       65.2621   339       30.6139       80.7690    99660  163.83%x_ENSP0000035669 D    118    117      8
    120    89       62.4281   111       30.6139       80.7690    99915  163.83%x_ENSP0000025495 D    120    119     10
Elapsed time = 4608.55 sec. (1834461.42 ticks, tree = 2.58 MB, solutions = 1)
    121    90       58.3133   424       30.6139       80.7690   100390  163.83%x_ENSP0000028162 D    121    120     11
    124    93       54.6641   529       30.6139       80.7690   101182  163.83%x_ENSMUSP0000002 D    124    123     14
    126    95       51.5318   247       30.6139       80.7690   101649  163.83%x_ENSMUSP0000007 U    126    125     16
    127    96       50.8092   134       30.6139       80.7690   101877  163.83%x_ENSP0000024590 D    127    126     17
    128    97       47.4824   636       30.6139       80.7690   103801  163.83%x_ENSMUSP0000002 N    128    127     18
    129    98       47.4773   674       30.6139       80.7690   103818  163.83%mm_ENSMUSP000000 D    129    128     19
    131   100       47.3414   544       30.6139       80.7690   104105  163.83%x_ENSP0000027452 U    131    130     21
    132   101       47.1460   546       30.6139       80.7690   104382  163.83%x_ENSMUSP0000004 U    132    131     22
    134   103       47.0903   477       30.6139       80.7690   104518  163.83%x_ENSMUSP0000004 D    134    133     24
    136   105       46.1600   219       30.6139       80.7690   104823  163.83%x_ENSP0000034118 D    136    135     26
Elapsed time = 4928.31 sec. (1965560.77 ticks, tree = 3.06 MB, solutions = 1)
    137   106       45.8679   247       30.6139       80.7690   105076  163.83%x_ENSP0000036026 D    137    136     27
    140   109       45.6483   268       30.6139       80.7690   105233  163.83%x_ENSP0000032134 D    140    139     30
    142   111       43.9242   247       30.6139       80.7690   105475  163.83%x_ENSP0000036771 D    142    141     32
    143   112       43.7825   222       30.6139       80.7690   105528  163.83%x_ENSMUSP0000002 D    143    142     33
    144   113       39.8188   337       30.6139       80.7690   106470  163.83%z_ENSMUSP0000003 N    144    143     34
    145   114       39.7414   247       30.6139       80.7690   106598  163.83%x_ENSMUSP0000003 D    145    144     35
    146   115       39.5553   236       30.6139       80.7690   106775  163.83%x_ENSP0000034676 D    146    145     36
    147   116       38.4658    87       30.6139       80.7690   107124  163.83%x_ENSMUSP0000004 U    147    146     37
    148   117       37.9068   111       30.6139       80.7690   107496  163.83%x_ENSMUSP0000010 D    148    147     38
    149   118       37.7481   201       30.6139       80.7690   107747  163.83%mm_ENSP000003618 D    149    148     39
Elapsed time = 5109.14 sec. (2068771.57 ticks, tree = 3.45 MB, solutions = 1)
    153   122       36.4800    32       30.6139       80.7690   108193  163.83%x_ENSMUSP0000011 D    153    152     43
    154   123       36.2469   170       30.6139       80.7690   108371  163.83%x_ENSP0000028015 U    154    153     44
    160   127       35.9832    13       30.6139       80.7690   108983  163.83%x_ENSMUSP0000006 D    160    159     49
    162   127        cutoff             30.6139       80.7690   111569  163.83%x_ENSMUSP0000003 N    162    161     51
    165   126       53.5742   203       30.6139       80.7172   112757  163.66%x_ENSP0000025749 U    165      8      7
    166   127       51.5084   227       30.6139       80.7172   113103  163.66%x_ENSP0000034447 D    166    165      8
    171   130        cutoff             30.6139       80.7172   114357  163.66%x_ENSMUSP0000002 U    171    169     12
    175   133       39.6587   548       30.6139       80.7172   114993  163.66%x_ENSP0000033939 D    175    174     16
    183   139        cutoff             30.6139       80.7172   115976  163.66%x_ENSMUSP0000002 N    183    182     24
    186   140       75.5599   387       30.6139       80.5675   116966  163.17%x_ENSP0000034447 D    186    185      8
Elapsed time = 5415.84 sec. (2231791.01 ticks, tree = 4.11 MB, solutions = 1)
    188   142       72.9880   325       30.6139       80.5675   117726  163.17%z_ENSMUSP0000011 D    188    187     10
    190   144       68.0277   597       30.6139       80.5675   118518  163.17%mm_ENSMUSP000000 D    190    189     12
    191   144       67.6567   701       30.6139       80.5675   118839  163.17%x_ENSMUSP0000002 D    191    190     13
    195   148       63.0777   787       30.6139       80.5675   120459  163.17%x_ENSMUSP0000002 U    195    194     17
    196   149       60.3596   733       30.6139       80.5675   121120  163.17%x_ENSMUSP0000007 D    196    195     18
    197   150       60.2241   787       30.6139       80.5675   121413  163.17%z_ENSMUSP0000010 D    197    196     19
    198   151       58.9943   789       30.6139       80.5675   121972  163.17%x_ENSP0000036771 D    198    197     20
    201   154       57.5791   645       30.6139       80.5675   123048  163.17%x_ENSMUSP0000004 D    201    200     23
    202   155       57.1422   675       30.6139       80.5675   123494  163.17%x_ENSMUSP0000004 D    202    201     24
    203   156       57.0661   669       30.6139       80.5675   123593  163.17%mm_ENSMUSP000000 N    203    202     25
Elapsed time = 5829.65 sec. (2420168.96 ticks, tree = 4.60 MB, solutions = 1)
    204   157       56.8216   681       30.6139       80.5675   124025  163.17%x_ENSMUSP0000011 D    204    203     26
    207   160       55.1941   615       30.6139       80.5675   124968  163.17%x_ENSMUSP0000009 D    207    206     29
    210   163       55.1230   243       30.6139       80.5675   125089  163.17%x_ENSP0000036026 D    210    209     32
    214   167       54.4438   275       30.6139       80.5675   125992  163.17%x_ENSMUSP0000004 D    214    213     36
    215   168       51.9443   225       30.6139       80.5675   126539  163.17%mm_ENSMUSP000000 U    215    214     37
    216   169       51.1822   203       30.6139       80.5675   127063  163.17%y_ENSMUSP0000002 D    216    215     38
    219   172       50.5700   332       30.6139       80.5675   127434  163.17%mm_ENSMUSP000000 D    219    218     41
    223   176       45.5527   617       30.6139       80.5675   130247  163.17%x_ENSP0000033995 N    223    222     45
    224   177       45.5522   623       30.6139       80.5675   130253  163.17%mm_ENSP000002207 D    224    223     46
    225   178       45.5452   667       30.6139       80.5675   130275  163.17%x_ENSMUSP0000009 D    225    224     47
Elapsed time = 6671.42 sec. (2900868.80 ticks, tree = 5.26 MB, solutions = 1)
    226   179       45.5445   625       30.6139       80.5675   130293  163.17%x_ENSMUSP0000009 D    226    225     48
    233   186       45.4442   231       30.6139       80.5675   130566  163.17%x_ENSMUSP0000002 D    233    232     55
    239   192       45.1044   146       30.6139       80.5675   130937  163.17%x_ENSMUSP0000001 D    239    238     61
    240   193       45.0346   359       30.6139       80.5675   131061  163.17%x_ENSMUSP0000008 D    240    239     62
    241   194       41.5267   146       30.6139       80.5675   132362  163.17%          m_4421 D    241    240     63
    243   196       37.7115   113       30.6139       80.5675   133060  163.17%x_ENSP0000019893 U    243    242     65
    246   195       51.2874   506       30.6139       80.3282   133780  162.39%z_ENSMUSP0000000 U    246     14      3
    247   196       48.2465   506       30.6139       80.3282   134285  162.39%x_ENSMUSP0000002 D    247    246      4
    248   197       47.2881   566       30.6139       80.3282   134669  162.39%x_ENSP0000025749 D    248    247      5
    249   198       44.1279   584       30.6139       80.3282   135145  162.39%x_ENSP0000035669 D    249    248      6
Elapsed time = 6975.78 sec. (3090234.13 ticks, tree = 5.87 MB, solutions = 1)
    250   199       43.0044   678       30.6139       80.3282   135615  162.39%z_ENSMUSP0000005 D    250    249      7
    253   202       39.8982   672       30.6139       80.3282   137723  162.39%           m_448 D    253    252     10
    254   203       38.0597   596       30.6139       80.3282   138540  162.39%x_ENSP0000025495 D    254    253     11
    255   204       35.8937   683       30.6139       80.3282   139725  162.39%x_ENSMUSP0000002 D    255    254     12
    257   206       34.9359   670       30.6139       80.3282   140821  162.39%mm_ENSMUSP000000 D    257    256     14
    258   207       33.0051   679       30.6139       80.3282   141859  162.39%x_ENSP0000028162 D    258    257     15
    259   206        cutoff             30.6139       80.3282   143778  162.39%x_ENSMUSP0000002 D    259    258     16
    261   204        cutoff             30.6139       76.4950   144694  149.87%x_ENSMUSP0000002 U    261     15      4
    263   206       67.4810   300       30.6139       75.5356   145514  146.74%z_ENSMUSP0000011 D    263    262      9
    265   208       63.7774   333       30.6139       75.5356   146743  146.74%x_ENSP0000025495 D    265    264     11
Elapsed time = 7177.22 sec. (3164705.16 ticks, tree = 6.18 MB, solutions = 1)
    266   209       62.1498   592       30.6139       75.5356   147472  146.74%mm_ENSMUSP000000 D    266    265     12
    268   211       59.7119   254       30.6139       75.5356   148280  146.74%x_ENSP0000028162 D    268    267     14
    270   213       57.1057   462       30.6139       75.5356   150177  146.74%x_ENSMUSP0000002 D    270    269     16
    271   214       55.1174   479       30.6139       75.5356   151698  146.74%x_ENSMUSP0000007 D    271    270     17
    273   216       53.9694   387       30.6139       75.5356   153706  146.74%x_ENSP0000036771 D    273    272     19
    276   219       53.3444   356       30.6139       75.5356   155318  146.74%mm_ENSMUSP000000 D    276    275     22
    278   221       52.5337   174       30.6139       75.5356   156855  146.74%x_ENSMUSP0000004 D    278    277     24
    279   222       52.2429   228       30.6139       75.5356   158034  146.74%x_ENSMUSP0000004 D    279    278     25
    281   224       52.0982   515       30.6139       75.5356   158933  146.74%mm_ENSMUSP000001 D    281    280     27
    282   225       52.0523    81       30.6139       75.5356   159976  146.74%x_ENSMUSP0000006 U    282    281     28
Elapsed time = 7442.43 sec. (3265104.33 ticks, tree = 6.69 MB, solutions = 1)
    284   227       51.9345   313       30.6139       75.5356   162585  146.74%x_ENSP0000034118 D    284    283     30
    285   228       51.9170   330       30.6139       75.5356   164581  146.74%x_ENSP0000036573 D    285    284     31
    286   229       51.8772   215       30.6139       75.5356   165936  146.74%mm_ENSMUSP000000 D    286    285     32
    287   230       51.8628   267       30.6139       75.5356   167154  146.74%x_ENSMUSP0000004 D    287    286     33
    290   233       51.8544   219       30.6139       75.5356   168498  146.74%z_ENSMUSP0000003 D    290    289     36
    291   234       51.8332   183       30.6139       75.5356   169591  146.74%x_ENSMUSP0000010 D    291    290     37
    293   236       48.8128   386       30.6139       75.5356   189154  146.74%          m_4421 N    293    292     39
    294   237       48.7920   383       30.6139       75.5356   189465  146.74%mm_ENSMUSP000000 D    294    293     40
    295   238       48.7700   319       30.6139       75.5356   189984  146.74%z_ENSMUSP0000001 D    295    294     41
    296   239       48.7686   365       30.6139       75.5356   190084  146.74%x_ENSP0000019893 D    296    295     42
Elapsed time = 8343.33 sec. (3681259.43 ticks, tree = 7.12 MB, solutions = 1)
    298   241       48.7263   341       30.6139       75.5356   190736  146.74%x_ENSMUSP0000011 D    298    297     44
    300   243       48.7078   260       30.6139       75.5356   190861  146.74%x_ENSMUSP0000010 D    300    299     46
    301   244       48.5596   211       30.6139       75.5356   191671  146.74%x_ENSMUSP0000003 U    301    300     47
    303   246       48.5027   157       30.6139       75.5356   192567  146.74%x_ENSP0000040675 D    303    302     49
    304   247       48.4908   127       30.6139       75.5356   192798  146.74%x_ENSMUSP0000010 D    304    303     50
    306   249       48.4120   226       30.6139       75.5356   194155  146.74%x_ENSMUSP0000009 D    306    305     52
    308   251       48.4021   218       30.6139       75.5356   195026  146.74%x_ENSMUSP0000011 D    308    307     54
    309   252       48.3915   230       30.6139       75.5356   195232  146.74%x_ENSP0000030262 D    309    308     55
    310   253       48.3430   208       30.6139       75.5356   195981  146.74%x_ENSP0000032680 D    310    309     56
    313   256       47.6165    73       30.6139       75.5356   198224  146.74%x_ENSP0000035728 U    313    312     59
Elapsed time = 8878.10 sec. (3973557.88 ticks, tree = 7.64 MB, solutions = 1)
    314   257       47.3574    26       30.6139       75.5356   200950  146.74%x_ENSP0000035886 D    314    313     60
    315   258       47.2410     3       30.6139       75.5356   202104  146.74%x_ENSP0000025371 D    315    314     61
    316   259       47.1263    62       30.6139       75.5356   203772  146.74%y_ENSMUSP0000011 D    316    315     62
    317   260       42.0719   248       30.6139       75.5356   218483  146.74%x_ENSMUSP0000004 N    317    316     63
    320   263       41.9607   157       30.6139       75.5356   219087  146.74%x_ENSMUSP0000005 D    320    319     66
    323   266       41.8266   218       30.6139       75.5356   220082  146.74%x_ENSMUSP0000002 D    323    322     69
    325   268       41.6757   193       30.6139       75.5356   221337  146.74%x_ENSP0000032014 D    325    324     71
    326   269       41.6571   145       30.6139       75.5356   221773  146.74%x_ENSP0000030989 D    326    325     72
    327   270       41.5059   121       30.6139       75.5356   224415  146.74%x_ENSMUSP0000002 D    327    326     73
    328   271       41.3297   129       30.6139       75.5356   227833  146.74%x_ENSMUSP0000008 D    328    327     74
Elapsed time = 9729.38 sec. (4264397.84 ticks, tree = 8.11 MB, solutions = 1)
    329   272       41.2535    85       30.6139       75.5356   229126  146.74%z_ENSMUSP0000003 D    329    328     75
    330   273       41.1780   140       30.6139       75.5356   230265  146.74%x_ENSP0000034809 D    330    329     76
    331   274       41.1489    86       30.6139       75.5356   231228  146.74%x_ENSP0000034534 D    331    330     77
    332   275       41.1182    92       30.6139       75.5356   233037  146.74%x_ENSMUSP0000009 D    332    331     78
    333   276       41.0919   127       30.6139       75.5356   234032  146.74%mm_ENSP000003627 D    333    332     79
    337   280       40.3855   140       30.6139       75.5356   236022  146.74%x_ENSP0000036396 D    337    336     83
    338   281       40.3088   118       30.6139       75.5356   237656  146.74%x_ENSMUSP0000011 D    338    337     84
    339   282       40.2789   116       30.6139       75.5356   238498  146.74%x_ENSP0000033204 D    339    338     85
    341   284       40.2592   129       30.6139       75.5356   238949  146.74%x_ENSP0000028942 D    341    340     87
    342   285       38.3587   108       30.6139       75.5356   245162  146.74%x_ENSMUSP0000002 N    342    341     88
Elapsed time = 10381.35 sec. (4534476.01 ticks, tree = 8.54 MB, solutions = 1)
    343   286       38.3020   102       30.6139       75.5356   245286  146.74%x_ENSP0000034676 D    343    342     89
    344   287       38.2724   104       30.6139       75.5356   246097  146.74%x_ENSMUSP0000005 D    344    343     90
    345   288       38.1317   165       30.6139       75.5356   247205  146.74%x_ENSMUSP0000005 D    345    344     91
    346   289       38.0960   135       30.6139       75.5356   247761  146.74%x_ENSMUSP0000011 D    346    345     92
    348   291       37.9236    74       30.6139       75.5356   248915  146.74%x_ENSMUSP0000005 D    348    347     94
    350   293       37.8619    61       30.6139       75.5356   249701  146.74%x_ENSMUSP0000002 D    350    349     96
    351   294       37.8257    32       30.6139       75.5356   250126  146.74%x_ENSMUSP0000001 D    351    350     97
    352   295       37.7800    48       30.6139       75.5356   251305  146.74%x_ENSP0000035260 D    352    351     98
    354   297       37.7308   135       30.6139       75.5356   252779  146.74%x_ENSMUSP0000006 D    354    353    100
    355   298       37.6817    63       30.6139       75.5356   253252  146.74%x_ENSP0000033939 D    355    354    101
Elapsed time = 10761.25 sec. (4709478.68 ticks, tree = 8.94 MB, solutions = 1)
    357   300       37.6066    13       30.6139       75.5356   254277  146.74%x_ENSP0000023404 D    357    356    103
    358   301       37.5059    37       30.6139       75.5356   256157  146.74%x_ENSP0000029555 D    358    357    104
    359   302       37.4852    25       30.6139       75.5356   256633  146.74%x_ENSMUSP0000002 D    359    358    105
    361   304       37.3880    85       30.6139       75.5356   257719  146.74%x_ENSMUSP0000007 D    361    360    107
    362   305       37.3497     2       30.6139       75.5356   258000  146.74%x_ENSMUSP0000004 D    362    361    108
    363   306       37.3044    49       30.6139       75.5356   258632  146.74%x_ENSMUSP0000004 D    363    362    109
    365   308       37.2846    59       30.6139       75.5356   258948  146.74%x_ENSMUSP0000000 D    365    364    111
    366   309       37.2683    33       30.6139       75.5356   259152  146.74%x_ENSP0000030393 D    366    365    112
    367   310       37.1817    36       30.6139       75.5356   260979  146.74%x_ENSP0000034517 U    367    366    113
    368   309        cutoff             30.6139       75.5356   263390  146.74%x_ENSMUSP0000010 N    368    367    114
Elapsed time = 11129.37 sec. (4851959.96 ticks, tree = 9.31 MB, solutions = 1)
    369   308        cutoff             30.6139       75.5356   264522  146.74%x_ENSMUSP0000010 U    369    367    114
    370   309       66.1628   429       30.6139       75.5017   265931  146.63%z_ENSMUSP0000000 U    370      1      2
    372   309        cutoff             30.6139       75.5017   267074  146.63%x_ENSMUSP0000005 U    372    370      3
    373   310       61.9387   518       30.6139       75.5017   268412  146.63%x_ENSMUSP0000002 D    373    371      4
    374   311       60.5003   485       30.6139       75.5017   269369  146.63%x_ENSP0000035669 D    374    373      5
    375   312       59.4443   597       30.6139       75.5017   270602  146.63%x_ENSP0000025749 D    375    374      6
    376   313       58.3721   588       30.6139       75.5017   272180  146.63%z_ENSMUSP0000005 D    376    375      7
    377   314       57.2239   612       30.6139       75.5017   273718  146.63%x_ENSP0000034447 D    377    376      8
    378   315       55.8580   667       30.6139       75.5017   275079  146.63%z_ENSMUSP0000011 D    378    377      9
    379   316       55.4775   605       30.6139       75.5017   277275  146.63%x_ENSMUSP0000002 D    379    378     10
Elapsed time = 11559.97 sec. (5012600.61 ticks, tree = 9.49 MB, solutions = 1)
    380   317       54.2576   617       30.6139       75.5017   279723  146.63%x_ENSP0000025495 D    380    379     11
    381   318       50.3587   480       30.6139       75.5017   285647  146.63%x_ENSP0000025495 U    381    379     11
    382   319       49.5751   636       30.6139       75.5017   287845  146.63%mm_ENSMUSP000000 D    382    381     12
    383   320       48.1518   364       30.6139       75.5017   289415  146.63%x_ENSP0000028162 D    383    382     13
    384   321       46.8808   560       30.6139       75.5017   292114  146.63%x_ENSP0000028162 U    384    382     13
    385   322       46.5248   385       30.6139       75.5017   293430  146.63%mm_ENSMUSP000001 U    385    384     14
    386   323       45.9821   504       30.6139       75.5017   295837  146.63%x_ENSMUSP0000002 D    386    385     15
    388   325       45.4996   215       30.6139       75.5017   297848  146.63%x_ENSP0000024590 D    388    387     17

Zero-half cuts applied:  2
User cuts applied:  13619

Root node processing (before b&c):
  Real time             = 2113.91 sec. (609228.89 ticks)
Sequential b&c:
  Real time             = 9886.14 sec. (4544564.40 ticks)
                          ------------
Total (root+branch&cut) = 12000.06 sec. (5153793.29 ticks)
Solved in 12004.4s
	Command being timed: "timeout 12500s /home/hsoueidan/xheinz/build/xHeinz_git_user_cuts -n1 48h/mouse_MA_scores_0.01_corrected_ensp_induced.tsv -n2 48h/human_MA_scores_0.01_corrected_ensp_induced.tsv -e1 /home/hsoueidan/xheinz/data/Th17/STRING/mmu-no_UBC.txt -e2 /home/hsoueidan/xheinz/data/Th17/STRING/hsa-no_UBC_no_SUMO2.txt -t 12000 -rt 2000 -cog data/ensembl_cog_ALL.tsv -a 0.98"
	User time (seconds): 11926.27
	System time (seconds): 112.38
	Percent of CPU this job got: 100%
	Elapsed (wall clock) time (h:mm:ss or m:ss): 3:20:33
	Average shared text size (kbytes): 0
	Average unshared data size (kbytes): 0
	Average stack size (kbytes): 0
	Average total size (kbytes): 0
	Maximum resident set size (kbytes): 13461856
	Average resident set size (kbytes): 0
	Major (requiring I/O) page faults: 0
	Minor (reclaiming a frame) page faults: 18054711
	Voluntary context switches: 771
	Involuntary context switches: 13708
	Swaps: 0
	File system inputs: 0
	File system outputs: 0
	Socket messages sent: 0
	Socket messages received: 0
	Signals delivered: 0
	Page size (bytes): 4096
	Exit status: 0
