Warning: Control callbacks may disable some MIP features.
Lazy constraint(s) or lazy constraint callback is present.
    Disabling dual reductions (CPX_PARAM_REDUCE) in presolve.
Clique table members: 78509.
MIP emphasis: balance optimality and feasibility.
MIP search method: traditional branch-and-cut.
Parallel mode: none, using 1 thread.
Root relaxation solution time = 9.87 sec. (3800.98 ticks)

        Nodes                                         Cuts/
   Node  Left     Objective  IInf  Best Integer    Best Bound    ItCnt     Gap         Variable B NodeID Parent  Depth

      0     0      145.9535    16                    145.9535    15797         
*     0+    0                           11.2399      145.9535    15797     --- 
      0     0      145.6745    16       11.2399      Cuts: 39    15804     --- 
      0     0      145.4464     1       11.2399  ZeroHalf: 32    15806     --- 
      0     0      116.5007   624       11.2399 UserPurge1: 67    16826  936.49%
      0     0      115.3961   559       11.2399  ZeroHalf: 21    17126  926.66%
      0     0      113.5839   557       11.2399  ZeroHalf: 55    17324  910.54%
      0     0      112.6975   715       11.2399  ZeroHalf: 11    17526  902.65%
      0     0      112.0736   691       11.2399  ZeroHalf: 27    17747  897.10%
      0     0      111.8853   701       11.2399   ZeroHalf: 1    17796  895.43%
      0     0      111.7318   585       11.2399   ZeroHalf: 5    17830  894.06%
      0     0      111.6967   577       11.2399   ZeroHalf: 1    17856  893.75%
      0     0      108.6944   716       11.2399 UserPurge1: 63    18059  867.04%
      0     0      108.2177   712       11.2399  ZeroHalf: 10    18144  862.80%
      0     0      107.8772   692       11.2399   ZeroHalf: 6    18269  859.77%
      0     0      107.5225   737       11.2399   ZeroHalf: 5    18440  856.61%
      0     0      107.0969   717       11.2399   ZeroHalf: 2    18641  852.82%
      0     0      106.8623   692       11.2399   ZeroHalf: 4    18784  850.74%
      0     0      106.8378   705       11.2399   ZeroHalf: 2    18829  850.52%
      0     0      106.7742   720       11.2399   ZeroHalf: 1    18915  849.95%
      0     0      106.7055   697       11.2399   ZeroHalf: 2    18994  849.34%
      0     0      106.6147   685       11.2399       Cuts: 4    19045  848.53%
      0     0      103.7803   693       11.2399 UserPurge1: 12    19249  823.32%
      0     0      103.7796   729       11.2399 UserPurge1: 11    19266  823.31%
      0     0      103.7699   715       11.2399       Cuts: 2    19298  823.22%
      0     0      103.7692   727       11.2399 UserPurge1: 11    19305  823.22%
      0     0      103.7652   727       11.2399 UserPurge1: 11    19333  823.18%
      0     0      103.7649   734       11.2399 UserPurge1: 11    19338  823.18%
      0     0      103.7632   733       11.2399 UserPurge1: 11    19351  823.16%
      0     0      103.7625   746       11.2399 UserPurge1: 11    19356  823.16%
      0     0      103.7621   750       11.2399 UserPurge1: 11    19365  823.15%
      0     0      103.7614   733       11.2399 UserPurge1: 11    19379  823.15%
      0     0      103.7603   720       11.2399 UserPurge1: 11    19396  823.14%
      0     0      103.7601   738       11.2399 UserPurge1: 11    19403  823.14%
      0     0      103.7596   732       11.2399 UserPurge1: 11    19418  823.13%
      0     0      103.7595   751       11.2399 UserPurge1: 11    19430  823.13%
      0     0      103.7590   739       11.2399 UserPurge1: 11    19442  823.13%
      0     0      103.7587   744       11.2399 UserPurge1: 11    19446  823.12%
      0     0      103.7585   769       11.2399 UserPurge1: 11    19457  823.12%
      0     0      103.7578   769       11.2399 UserPurge1: 11    19473  823.12%
      0     0      103.7566   741       11.2399 UserPurge1: 11    19500  823.11%
      0     0      103.7560   762       11.2399 UserPurge1: 11    19510  823.10%
      0     0      103.7553   757       11.2399 UserPurge1: 11    19524  823.09%
      0     0      103.7550   763       11.2399 UserPurge1: 11    19530  823.09%
      0     0      103.7547   786       11.2399 UserPurge1: 11    19536  823.09%
      0     0      103.7538   758       11.2399 UserPurge1: 11    19555  823.08%
      0     0      103.7531   762       11.2399 UserPurge1: 11    19565  823.07%
      0     0      103.7529   768       11.2399 UserPurge1: 11    19577  823.07%
      0     0      103.7526   770       11.2399 UserPurge1: 11    19586  823.07%
      0     0      103.7525   782       11.2399 UserPurge1: 11    19590  823.07%
      0     0      103.7524   786       11.2399 UserPurge1: 11    19599  823.07%
      0     0      103.7521   790       11.2399 UserPurge1: 11    19617  823.07%
      0     0      103.7517   787       11.2399 UserPurge1: 11    19631  823.06%
      0     0      103.7514   799       11.2399 UserPurge1: 11    19649  823.06%
      0     0      103.7508   759       11.2399 UserPurge1: 11    19667  823.05%
      0     0      103.7506   782       11.2399 UserPurge1: 11    19676  823.05%
      0     0      103.7502   780       11.2399 UserPurge1: 11    19686  823.05%
      0     0      103.7495   782       11.2399 UserPurge1: 11    19700  823.04%
      0     0      103.7486   786       11.2399 UserPurge1: 11    19719  823.03%
      0     0      103.7481   750       11.2399 UserPurge1: 11    19735  823.03%
      0     0      103.7481   792       11.2399 UserPurge1: 11    19744  823.03%
      0     0      103.7478   786       11.2399 UserPurge1: 11    19767  823.03%
      0     0      103.7475   768       11.2399 UserPurge1: 9    19783  823.03%
      0     0      103.7475   774       11.2399 UserPurge1: 11    19798  823.02%
      0     0      103.7474   792       11.2399 UserPurge1: 9    19803  823.02%
      0     0      103.7473   804       11.2399 UserPurge1: 11    19815  823.02%
      0     0      103.7469   804       11.2399 UserPurge1: 9    19851  823.02%
      0     0      103.7468   810       11.2399 UserPurge1: 11    19862  823.02%
      0     0      103.7462   798       11.2399 UserPurge1: 11    19890  823.01%
      0     0      103.7458   804       11.2399 UserPurge1: 11    19907  823.01%
      0     0      103.7455   810       11.2399 UserPurge1: 11    19921  823.01%
      0     0      103.7444   774       11.2399 UserPurge1: 9    19956  823.00%
      0     0      103.7443   806       11.2399 UserPurge1: 9    19963  823.00%
      0     0      103.6669   601       11.2399 UserPurge1: 12    20084  822.31%
      0     0      103.6613   721       11.2399 UserPurge1: 29    20109  822.26%
      0     0      103.6612   726       11.2399 UserPurge1: 4    20112  822.26%
      0     0      103.6604   750       11.2399 UserPurge1: 9    20120  822.25%
      0     0      103.6592   768       11.2399 UserPurge1: 9    20149  822.24%
      0     0      103.6585   726       11.2399 UserPurge1: 4    20166  822.23%
      0     0      103.6584   744       11.2399 UserPurge1: 4    20178  822.23%
      0     0      103.6584   768       11.2399 UserPurge1: 4    20183  822.23%
      0     0      103.6582   757       11.2399 UserPurge1: 4    20191  822.23%
      0     0      103.6579   774       11.2399 UserPurge1: 4    20203  822.23%
      0     0      103.6577   756       11.2399 UserPurge1: 4    20217  822.23%
      0     0      103.6576   774       11.2399 UserPurge1: 4    20226  822.22%
      0     0      103.6573   762       11.2399 UserPurge1: 4    20242  822.22%
      0     0      103.6572   792       11.2399 UserPurge1: 4    20254  822.22%
      0     0      103.6571   786       11.2399 UserPurge1: 4    20266  822.22%
      0     0      103.6569   792       11.2399 UserPurge1: 4    20280  822.22%
      0     0      103.6567   803       11.2399 UserPurge1: 4    20298  822.22%
      0     0      103.6566   780       11.2399 UserPurge1: 6    20310  822.22%
      0     0      103.6560   792       11.2399 UserPurge1: 4    20355  822.21%
      0     0      103.6553   792       11.2399 UserPurge1: 4    20377  822.20%
      0     0      103.6547   798       11.2399 UserPurge1: 4    20404  822.20%
      0     0      103.6544   810       11.2399 UserPurge1: 4    20434  822.20%
      0     0      103.6540   792       11.2399 UserPurge1: 4    20455  822.19%
      0     0      103.6537   791       11.2399 UserPurge1: 4    20472  822.19%
      0     0      103.6532   804       11.2399 UserPurge1: 6    20489  822.19%
      0     0      103.6529   798       11.2399 UserPurge1: 4    20506  822.18%
      0     0      103.6526   791       11.2399 UserPurge1: 4    20518  822.18%
      0     0      103.6523   774       11.2399 UserPurge1: 4    20543  822.18%
      0     0      103.6522   809       11.2399 UserPurge1: 4    20551  822.18%
      0     0      103.6521   790       11.2399 UserPurge1: 4    20575  822.18%
      0     0      103.6519   816       11.2399 UserPurge1: 4    20608  822.17%
      0     0      103.6517   810       11.2399 UserPurge1: 6    20626  822.17%
      0     0      103.6514   810       11.2399 UserPurge1: 6    20647  822.17%
      0     0      103.6513   792       11.2399 UserPurge1: 4    20655  822.17%
      0     0      103.6513   816       11.2399 UserPurge1: 6    20668  822.17%
      0     0      103.6512   822       11.2399 UserPurge1: 4    20686  822.17%
      0     0      103.6510   822       11.2399 UserPurge1: 6    20700  822.17%
      0     0      103.6505   828       11.2399 UserPurge1: 6    20732  822.16%
      0     0      103.6498   801       11.2399 UserPurge1: 4    20762  822.16%
      0     0      103.6496   811       11.2399 UserPurge1: 4    20773  822.15%
      0     0      103.6495   795       11.2399 UserPurge1: 6    20786  822.15%
      0     0      103.6493   817       11.2399 UserPurge1: 6    20804  822.15%
      0     0      103.6491   813       11.2399 UserPurge1: 6    20820  822.15%
      0     0      103.6489   819       11.2399 UserPurge1: 6    20842  822.15%
      0     0      103.6489   819       11.2399 UserPurge1: 4    20846  822.15%
      0     0      103.6488   801       11.2399 UserPurge1: 4    20855  822.15%
      0     0      103.6488   825       11.2399 UserPurge1: 4    20878  822.15%
      0     0      103.6487   834       11.2399 UserPurge1: 4    20888  822.15%
      0     0      103.6481   786       11.2399 UserPurge1: 4    20937  822.14%
      0     0      103.6479   810       11.2399 UserPurge1: 4    20951  822.14%
      0     0      103.6475   822       11.2399 UserPurge1: 6    20971  822.14%
      0     0      103.6473   816       11.2399 UserPurge1: 6    20993  822.13%
      0     0      103.6472   834       11.2399 UserPurge1: 6    21011  822.13%
      0     0      103.6471   828       11.2399 UserPurge1: 4    21023  822.13%
      0     0      103.6469   831       11.2399 UserPurge1: 6    21051  822.13%
      0     0      103.6458   801       11.2399 UserPurge1: 4    21088  822.12%
      0     0      103.6455   807       11.2399 UserPurge1: 6    21119  822.12%
      0     0      103.6454   789       11.2399 UserPurge1: 4    21132  822.12%
      0     0      103.6451   807       11.2399 UserPurge1: 4    21149  822.11%
      0     0      103.6450   843       11.2399 UserPurge1: 6    21160  822.11%
      0     0      103.6449   834       11.2399 UserPurge1: 6    21186  822.11%
      0     0      103.6447   825       11.2399 UserPurge1: 4    21219  822.11%
      0     0      103.6446   855       11.2399 UserPurge1: 6    21249  822.11%
      0     0      103.6444   825       11.2399 UserPurge1: 4    21275  822.11%
      0     0      103.6437   825       11.2399 UserPurge1: 4    21318  822.10%
      0     0      103.6435   831       11.2399 UserPurge1: 4    21336  822.10%
      0     0      103.6433   837       11.2399 UserPurge1: 6    21357  822.10%
      0     0      103.6431   837       11.2399 UserPurge1: 6    21376  822.10%
      0     0      103.6429   849       11.2399 UserPurge1: 6    21407  822.09%
      0     0      103.6428   831       11.2399 UserPurge1: 4    21413  822.09%
      0     0      103.6424   841       11.2399 UserPurge1: 6    21440  822.09%
      0     0      103.6421   847       11.2399 UserPurge1: 6    21470  822.09%
      0     0      103.6418   829       11.2399 UserPurge1: 4    21487  822.08%
      0     0      103.6416   846       11.2399 UserPurge1: 4    21513  822.08%
      0     0      103.6416   749       11.2399 UserPurge1: 6    21527  822.08%
      0     0      103.6410   831       11.2399 UserPurge1: 25    21561  822.08%
      0     0      103.6406   825       11.2399 UserPurge1: 4    21606  822.07%
      0     0      103.6401   849       11.2399 UserPurge1: 4    21619  822.07%
      0     0      103.6398   837       11.2399 UserPurge1: 4    21649  822.07%
      0     0      103.6396   837       11.2399 UserPurge1: 4    21672  822.06%
      0     0      103.6395   831       11.2399 UserPurge1: 4    21682  822.06%
      0     0      103.6393   840       11.2399 UserPurge1: 4    21721  822.06%
      0     0      103.6392   852       11.2399 UserPurge1: 4    21751  822.06%
      0     0      103.6391   852       11.2399 UserPurge1: 4    21764  822.06%
      0     0      103.6391   855       11.2399 UserPurge1: 4    21790  822.06%
      0     0      103.6390   852       11.2399 UserPurge1: 4    21824  822.06%
      0     0      103.6388   873       11.2399 UserPurge1: 4    21872  822.06%
      0     0      103.6385   867       11.2399 UserPurge1: 4    21904  822.06%
      0     0      103.6383   879       11.2399 UserPurge1: 4    21926  822.05%
      0     0      103.6380   831       11.2399 UserPurge1: 4    21957  822.05%
      0     0      103.6378   831       11.2399 UserPurge1: 4    21971  822.05%
      0     0      103.6376   837       11.2399 UserPurge1: 4    22006  822.05%
      0     0      103.6374   849       11.2399 UserPurge1: 4    22026  822.04%
      0     0      103.6372   837       11.2399 UserPurge1: 4    22043  822.04%
      0     0      103.6371   861       11.2399 UserPurge1: 4    22058  822.04%
      0     0      103.6369   849       11.2399 UserPurge1: 4    22075  822.04%
      0     0      103.6367   861       11.2399 UserPurge1: 4    22086  822.04%
      0     0      103.6364   864       11.2399 UserPurge1: 4    22100  822.04%
      0     0      103.6359   843       11.2399 UserPurge1: 4    22125  822.03%
      0     0      103.6357   849       11.2399 UserPurge1: 4    22138  822.03%
      0     0      103.6356   858       11.2399 UserPurge1: 4    22162  822.03%
      0     0      103.6355   855       11.2399 UserPurge1: 4    22192  822.03%
      0     0      103.6348   843       11.2399 UserPurge1: 4    22218  822.02%
      0     0      103.6348   849       11.2399 UserPurge1: 4    22228  822.02%
      0     0      103.6347   837       11.2399 UserPurge1: 4    22242  822.02%
      0     0      103.6346   837       11.2399 UserPurge1: 4    22258  822.02%
      0     0      103.6345   843       11.2399 UserPurge1: 4    22267  822.02%
      0     0      103.6345   843       11.2399 UserPurge1: 4    22277  822.02%
      0     0      103.6344   861       11.2399 UserPurge1: 4    22293  822.02%
      0     0      103.6343   861       11.2399 UserPurge1: 4    22312  822.02%
      0     0      103.6342   873       11.2399 UserPurge1: 4    22331  822.02%
      0     0      103.6342   879       11.2399 UserPurge1: 4    22347  822.02%
      0     0      103.6340   843       11.2399 UserPurge1: 4    22363  822.01%
      0     0      103.6339   873       11.2399 UserPurge1: 4    22374  822.01%
      0     0      103.6339   843       11.2399 UserPurge1: 4    22391  822.01%
      0     0      103.6338   879       11.2399 UserPurge1: 4    22409  822.01%
      0     0      103.6338   885       11.2399 UserPurge1: 4    22434  822.01%
      0     0      103.6334   864       11.2399 UserPurge1: 4    22475  822.01%
      0     0      103.6330   843       11.2399 UserPurge1: 4    22505  822.01%
      0     0      103.6329   891       11.2399 UserPurge1: 4    22521  822.01%
      0     0      103.6327   849       11.2399 UserPurge1: 4    22548  822.00%
      0     0      103.6323   825       11.2399 UserPurge1: 4    22590  822.00%
      0     0      103.6323   819       11.2399 UserPurge1: 4    22599  822.00%
      0     0      103.6322   831       11.2399 UserPurge1: 4    22616  822.00%
      0     0      103.6321   852       11.2399 UserPurge1: 4    22636  822.00%
      0     0      103.6320   861       11.2399 UserPurge1: 4    22654  822.00%
      0     0      103.6320   861       11.2399 UserPurge1: 4    22677  822.00%
      0     0      103.6319   867       11.2399 UserPurge1: 4    22699  822.00%
      0     0      103.6318   873       11.2399 UserPurge1: 4    22718  822.00%
      0     0      103.6317   861       11.2399 UserPurge1: 4    22743  821.99%
      0     0      103.6315   867       11.2399 UserPurge1: 4    22764  821.99%
      0     0      103.6313   862       11.2399 UserPurge1: 4    22798  821.99%
      0     0      103.6312   868       11.2399 UserPurge1: 4    22811  821.99%
      0     0      103.6312   888       11.2399 UserPurge1: 4    22823  821.99%
      0     0      103.6311   894       11.2399 UserPurge1: 4    22844  821.99%
      0     0      103.6310   868       11.2399 UserPurge1: 4    22865  821.99%
      0     0      103.6307   868       11.2399 UserPurge1: 4    22899  821.99%
      0     0      103.6306   873       11.2399 UserPurge1: 4    22912  821.98%
      0     0      103.6305   855       11.2399 UserPurge1: 4    22925  821.98%
      0     0      103.6303   867       11.2399 UserPurge1: 4    22942  821.98%
      0     0      103.6296   843       11.2399 UserPurge1: 4    22990  821.98%
      0     0      103.6292   834       11.2399 UserPurge1: 4    23006  821.97%
      0     0      103.6290   837       11.2399 UserPurge1: 4    23019  821.97%
      0     0      103.6289   873       11.2399 UserPurge1: 4    23038  821.97%
      0     0      103.6288   879       11.2399 UserPurge1: 4    23066  821.97%
      0     0      103.6286   873       11.2399 UserPurge1: 4    23085  821.97%
      0     0      103.6282   873       11.2399 UserPurge1: 4    23120  821.96%
      0     0      103.6280   837       11.2399 UserPurge1: 4    23143  821.96%
      0     0      103.6277   825       11.2399 UserPurge1: 4    23161  821.96%
      0     0      103.6276   837       11.2399 UserPurge1: 4    23175  821.96%
      0     0      103.6276   831       11.2399 UserPurge1: 4    23189  821.96%
      0     0      103.6276   846       11.2399 UserPurge1: 4    23201  821.96%
      0     0      103.6275   873       11.2399 UserPurge1: 4    23221  821.96%
      0     0      103.6275   873       11.2399 UserPurge1: 4    23234  821.96%
      0     0      103.6275   867       11.2399 UserPurge1: 4    23255  821.96%
      0     0      103.6274   885       11.2399 UserPurge1: 4    23273  821.96%
      0     0      103.6274   867       11.2399 UserPurge1: 4    23290  821.96%
      0     0      103.6274   885       11.2399 UserPurge1: 4    23309  821.96%
      0     0      103.6274   879       11.2399 UserPurge1: 4    23330  821.96%
      0     0      103.6274   891       11.2399 UserPurge1: 4    23353  821.96%
      0     0      103.6273   900       11.2399 UserPurge1: 4    23383  821.96%
      0     0      103.6272   870       11.2399 UserPurge1: 4    23409  821.95%
      0     0      103.6269   873       11.2399 UserPurge1: 4    23454  821.95%
      0     0      103.6268   855       11.2399 UserPurge1: 4    23473  821.95%
      0     0      103.6267   879       11.2399 UserPurge1: 4    23498  821.95%
      0     0      103.6265   861       11.2399 UserPurge1: 4    23525  821.95%
      0     0      103.6265   873       11.2399 UserPurge1: 4    23546  821.95%
      0     0      103.6264   867       11.2399 UserPurge1: 4    23556  821.95%
      0     0      103.6263   903       11.2399 UserPurge1: 4    23582  821.95%
      0     0      103.6262   885       11.2399 UserPurge1: 4    23595  821.95%
      0     0      103.6262   909       11.2399 UserPurge1: 4    23609  821.95%
      0     0      103.6261   903       11.2399 UserPurge1: 4    23625  821.94%
      0     0      103.6260   891       11.2399 UserPurge1: 4    23660  821.94%
      0     0      103.6257   876       11.2399 UserPurge1: 4    23689  821.94%
      0     0      103.6256   897       11.2399 UserPurge1: 4    23718  821.94%
      0     0      103.6254   864       11.2399 UserPurge1: 4    23742  821.94%
      0     0      103.6253   864       11.2399 UserPurge1: 4    23775  821.94%
      0     0      103.6252   882       11.2399 UserPurge1: 4    23794  821.94%
      0     0      103.6251   906       11.2399 UserPurge1: 4    23826  821.94%
      0     0      103.6251   906       11.2399 UserPurge1: 4    23856  821.94%
      0     0      103.6250   888       11.2399 UserPurge1: 4    23876  821.93%
      0     0      103.6249   855       11.2399 UserPurge1: 4    23904  821.93%
      0     0      103.6248   879       11.2399 UserPurge1: 4    23931  821.93%
      0     0      103.6247   879       11.2399 UserPurge1: 4    23953  821.93%
      0     0      103.6246   897       11.2399 UserPurge1: 4    23974  821.93%
      0     0      103.6246   873       11.2399 UserPurge1: 4    23990  821.93%
      0     0      103.6245   885       11.2399 UserPurge1: 4    24000  821.93%
      0     0      103.6244   909       11.2399 UserPurge1: 4    24030  821.93%
      0     0      103.6242   879       11.2399 UserPurge1: 4    24049  821.93%
      0     0      103.6239   855       11.2399 UserPurge1: 4    24082  821.92%
      0     0      103.6237   894       11.2399 UserPurge1: 4    24116  821.92%
      0     0      103.6237   885       11.2399 UserPurge1: 4    24132  821.92%
      0     0      103.6236   915       11.2399 UserPurge1: 4    24154  821.92%
      0     0      103.6235   927       11.2399 UserPurge1: 4    24163  821.92%
      0     0      103.6235   927       11.2399 UserPurge1: 4    24201  821.92%
      0     0      103.6234   941       11.2399 UserPurge1: 4    24227  821.92%
      0     0      103.6234   924       11.2399 UserPurge1: 4    24271  821.92%
      0     0      103.6231   897       11.2399 UserPurge1: 4    24321  821.92%
      0     0      103.6230   897       11.2399 UserPurge1: 4    24341  821.92%
      0     0      103.6229   879       11.2399 UserPurge1: 4    24360  821.92%
      0     0      103.6228   873       11.2399 UserPurge1: 4    24384  821.92%
      0     0      103.6228   897       11.2399 UserPurge1: 4    24397  821.92%
      0     0      103.6227   897       11.2399 UserPurge1: 4    24420  821.91%
      0     0      103.6226   909       11.2399 UserPurge1: 4    24446  821.91%
      0     0      103.6225   891       11.2399 UserPurge1: 4    24480  821.91%
      0     0      103.6224   885       11.2399 UserPurge1: 4    24498  821.91%
      0     0      103.6224   891       11.2399 UserPurge1: 4    24525  821.91%
      0     0      103.6223   903       11.2399 UserPurge1: 4    24551  821.91%
      0     0      103.6223   909       11.2399 UserPurge1: 4    24565  821.91%
      0     0      103.6222   903       11.2399 UserPurge1: 4    24588  821.91%
      0     0      103.6222   927       11.2399 UserPurge1: 4    24607  821.91%
      0     0      103.6221   931       11.2399 UserPurge1: 4    24638  821.91%
      0     0      103.6221   924       11.2399 UserPurge1: 4    24654  821.91%
      0     0      103.6221   934       11.2399 UserPurge1: 4    24680  821.91%
      0     0      103.6219   933       11.2399 UserPurge1: 4    24738  821.91%
      0     0      103.6216   885       11.2399 UserPurge1: 4    24767  821.90%
      0     0      103.6212   906       11.2399 UserPurge1: 4    24788  821.90%
      0     0      103.6211   915       11.2399 UserPurge1: 4    24804  821.90%
      0     0      103.6207   891       11.2399 UserPurge1: 4    24820  821.90%
      0     0      103.6201   849       11.2399 UserPurge1: 4    24868  821.89%
      0     0      103.6199   861       11.2399 UserPurge1: 4    24883  821.89%
      0     0      103.6199   867       11.2399 UserPurge1: 4    24899  821.89%
      0     0      103.6197   861       11.2399 UserPurge1: 4    24922  821.89%
      0     0      103.6197   876       11.2399 UserPurge1: 4    24938  821.89%
      0     0      103.6196   882       11.2399 UserPurge1: 4    24959  821.89%
      0     0      103.6195   909       11.2399 UserPurge1: 4    24986  821.89%
      0     0      103.6194   914       11.2399 UserPurge1: 4    25009  821.88%
      0     0      103.6193   879       11.2399 UserPurge1: 4    25023  821.88%
      0     0      103.6193   903       11.2399 UserPurge1: 4    25048  821.88%
      0     0      103.6193   903       11.2399 UserPurge1: 4    25065  821.88%
      0     0      103.6193   903       11.2399 UserPurge1: 4    25084  821.88%
      0     0      103.6192   933       11.2399 UserPurge1: 4    25100  821.88%
      0     0      103.6191   909       11.2399 UserPurge1: 4    25131  821.88%
      0     0      103.6187   879       11.2399 UserPurge1: 4    25166  821.88%
      0     0      103.6185   885       11.2399 UserPurge1: 4    25193  821.88%
      0     0      103.6184   888       11.2399 UserPurge1: 4    25213  821.88%
      0     0      103.6183   915       11.2399 UserPurge1: 4    25232  821.88%
      0     0      103.6183   897       11.2399 UserPurge1: 4    25249  821.88%
      0     0      103.6183   897       11.2399 UserPurge1: 4    25266  821.87%
      0     0      103.6182   909       11.2399 UserPurge1: 4    25291  821.87%
      0     0      103.6181   915       11.2399 UserPurge1: 4    25310  821.87%
      0     0      103.6180   915       11.2399 UserPurge1: 4    25330  821.87%
      0     0      103.6178   925       11.2399 UserPurge1: 4    25372  821.87%
      0     0      103.6176   908       11.2399 UserPurge1: 4    25390  821.87%
      0     0      103.6171   903       11.2399 UserPurge1: 19    25438  821.86%
      0     0      103.6169   913       11.2399 UserPurge1: 4    25460  821.86%
      0     0      103.6168   901       11.2399 UserPurge1: 4    25480  821.86%
      0     0      103.6167   895       11.2399 UserPurge1: 4    25502  821.86%
      0     0      103.6166   897       11.2399 UserPurge1: 4    25517  821.86%
      0     0      103.6165   921       11.2399 UserPurge1: 4    25556  821.86%
      0     0      103.6164   927       11.2399 UserPurge1: 4    25584  821.86%
      0     0      103.6163   879       11.2399 UserPurge1: 4    25611  821.86%
      0     0      103.6161   897       11.2399 UserPurge1: 4    25640  821.86%
      0     0      103.6161   925       11.2399 UserPurge1: 4    25661  821.86%
      0     0      103.6161   939       11.2399 UserPurge1: 4    25675  821.86%
      0     0      103.6160   925       11.2399 UserPurge1: 4    25711  821.85%
      0     0      103.6158   873       11.2399 UserPurge1: 4    25744  821.85%
      0     0      103.6157   920       11.2399 UserPurge1: 4    25760  821.85%
      0     0      103.6157   913       11.2399 UserPurge1: 19    25780  821.85%
      0     0      103.6155   883       11.2399 UserPurge1: 4    25806  821.85%
      0     0      103.6154   901       11.2399 UserPurge1: 4    25834  821.85%
      0     0      103.6153   903       11.2399 UserPurge1: 4    25862  821.85%
      0     0      103.6152   929       11.2399 UserPurge1: 4    25883  821.85%
      0     0      103.6151   914       11.2399 UserPurge1: 4    25928  821.85%
      0     0      103.6149   957       11.2399 UserPurge1: 19    25967  821.85%
      0     0      103.6149   919       11.2399 UserPurge1: 4    25999  821.84%
      0     0      103.6148   940       11.2399 UserPurge1: 4    26042  821.84%
      0     0      103.6148   932       11.2399 UserPurge1: 19    26053  821.84%
      0     0      103.6147   951       11.2399 UserPurge1: 19    26089  821.84%
      0     0      103.6147   937       11.2399 UserPurge1: 4    26109  821.84%
      0     0      103.6147   967       11.2399 UserPurge1: 4    26144  821.84%
      0     0      103.6147   951       11.2399 UserPurge1: 4    26157  821.84%
      0     0      103.6146   976       11.2399 UserPurge1: 4    26190  821.84%
      0     0      103.6146   934       11.2399 UserPurge1: 19    26215  821.84%
      0     0      103.6146   949       11.2399 UserPurge1: 19    26242  821.84%
      0     0      103.6145   921       11.2399 UserPurge1: 4    26268  821.84%
      0     0      103.6145   891       11.2399 UserPurge1: 4    26291  821.84%
      0     0      103.6145   915       11.2399 UserPurge1: 4    26311  821.84%
      0     0      103.6144   903       11.2399 UserPurge1: 4    26333  821.84%
      0     0      103.6143   903       11.2399 UserPurge1: 4    26384  821.84%
      0     0      103.6140   934       11.2399 UserPurge1: 4    26428  821.84%
      0     0      103.6139   915       11.2399 UserPurge1: 19    26450  821.84%
      0     0      103.6138   904       11.2399 UserPurge1: 4    26471  821.84%
      0     0      103.6137   934       11.2399 UserPurge1: 4    26499  821.83%
      0     0      103.6136   898       11.2399 UserPurge1: 19    26522  821.83%
      0     0      103.6135   963       11.2399 UserPurge1: 19    26555  821.83%
      0     0      103.6134   931       11.2399 UserPurge1: 4    26566  821.83%
      0     0      103.6134   987       11.2399 UserPurge1: 4    26597  821.83%
      0     0      103.6134   943       11.2399 UserPurge1: 4    26630  821.83%
      0     0      103.6134  1005       11.2399 UserPurge1: 4    26663  821.83%
      0     0      103.6132   977       11.2399 UserPurge1: 4    26708  821.83%
      0     0      103.6131   885       11.2399 UserPurge1: 4    26736  821.83%
      0     0      103.6130   984       11.2399 UserPurge1: 4    26776  821.83%
      0     0      103.6129   934       11.2399 UserPurge1: 4    26801  821.83%
      0     0      103.6128   921       11.2399 UserPurge1: 4    26836  821.83%
      0     0      103.6126   971       11.2399 UserPurge1: 4    26886  821.82%
      0     0      103.6125   909       11.2399 UserPurge1: 4    26911  821.82%
      0     0      103.6123   959       11.2399 UserPurge1: 4    26966  821.82%
      0     0      103.6122   974       11.2399 UserPurge1: 4    26987  821.82%
      0     0      103.6121   939       11.2399 UserPurge1: 4    27009  821.82%
      0     0      103.6120   915       11.2399 UserPurge1: 4    27039  821.82%
      0     0      103.6119   933       11.2399 UserPurge1: 4    27064  821.82%
      0     0      103.6118   977       11.2399 UserPurge1: 4    27100  821.82%
      0     0      103.6118   927       11.2399 UserPurge1: 4    27127  821.82%
      0     0      103.6117   915       11.2399 UserPurge1: 4    27172  821.82%
      0     0      103.6116   915       11.2399 UserPurge1: 4    27187  821.82%
      0     0      103.6115   945       11.2399 UserPurge1: 4    27209  821.82%
      0     0      103.6115   951       11.2399 UserPurge1: 4    27243  821.81%
      0     0      103.6113   903       11.2399 UserPurge1: 4    27269  821.81%
      0     0      103.6112   885       11.2399 UserPurge1: 4    27306  821.81%
      0     0      103.6112   933       11.2399 UserPurge1: 4    27324  821.81%
      0     0      103.6111   921       11.2399 UserPurge1: 4    27361  821.81%
      0     0      103.6110   953       11.2399 UserPurge1: 4    27390  821.81%
      0     0      103.6109   945       11.2399 UserPurge1: 4    27417  821.81%
      0     0      103.6107   917       11.2399 UserPurge1: 4    27443  821.81%
      0     0      103.6106   915       11.2399 UserPurge1: 4    27482  821.81%
      0     0      103.6105   945       11.2399 UserPurge1: 4    27509  821.81%
      0     0      103.6105   971       11.2399 UserPurge1: 4    27528  821.81%
      0     0      103.6104   909       11.2399 UserPurge1: 4    27547  821.81%
      0     0      103.6104   951       11.2399 UserPurge1: 4    27565  821.80%
      0     0      103.6102   951       11.2399 UserPurge1: 4    27603  821.80%
      0     0      103.6101   927       11.2399 UserPurge1: 4    27635  821.80%
      0     0      103.6100   915       11.2399 UserPurge1: 4    27662  821.80%
      0     0      103.6099   921       11.2399 UserPurge1: 4    27688  821.80%
      0     0      103.6099   915       11.2399 UserPurge1: 4    27715  821.80%
      0     0      103.6098  1001       11.2399 UserPurge1: 4    27746  821.80%
      0     0      103.6098   951       11.2399 UserPurge1: 4    27782  821.80%
      0     0      103.6097   933       11.2399 UserPurge1: 4    27815  821.80%
      0     0      103.6097   933       11.2399 UserPurge1: 4    27829  821.80%
      0     0      103.6097   939       11.2399 UserPurge1: 4    27842  821.80%
      0     0      103.6097   933       11.2399 UserPurge1: 4    27870  821.80%
      0     0      103.6096   983       11.2399 UserPurge1: 4    27890  821.80%
      0     0      103.6095   939       11.2399 UserPurge1: 4    27916  821.80%
      0     0      103.6094   989       11.2399 UserPurge1: 4    27966  821.80%
      0     0      103.6092   945       11.2399 UserPurge1: 4    28031  821.79%
      0     0      103.6091   977       11.2399 UserPurge1: 4    28075  821.79%
      0     0      103.6090   933       11.2399 UserPurge1: 4    28097  821.79%
      0     0      103.6089   960       11.2399 UserPurge1: 4    28126  821.79%
      0     0      103.6088   996       11.2399 UserPurge1: 4    28170  821.79%
      0     0      103.6087   931       11.2399 UserPurge1: 4    28201  821.79%
      0     0      103.6085   955       11.2399 UserPurge1: 4    28238  821.79%
      0     0      103.6085   927       11.2399 UserPurge1: 4    28248  821.79%
      0     0      103.6084   955       11.2399 UserPurge1: 4    28270  821.79%
      0     0      103.6083   957       11.2399 UserPurge1: 4    28306  821.79%
      0     0      103.6083   927       11.2399 UserPurge1: 4    28315  821.79%
      0     0      103.6082   939       11.2399 UserPurge1: 4    28337  821.79%
      0     0      103.6082   967       11.2399 UserPurge1: 4    28360  821.79%
      0     0      103.6082   949       11.2399 UserPurge1: 4    28369  821.79%
      0     0      103.6081   955       11.2399 UserPurge1: 4    28388  821.78%
      0     0      103.6080   940       11.2399 UserPurge1: 4    28410  821.78%
      0     0      103.6078   998       11.2399 UserPurge1: 4    28452  821.78%
      0     0      103.6076   909       11.2399 UserPurge1: 4    28491  821.78%
      0     0      103.6075   927       11.2399 UserPurge1: 4    28512  821.78%
      0     0      103.6075   958       11.2399 UserPurge1: 4    28528  821.78%
      0     0      103.6074   978       11.2399 UserPurge1: 4    28570  821.78%
      0     0      103.6072   971       11.2399 UserPurge1: 4    28600  821.78%
      0     0      103.6070  1005       11.2399 UserPurge1: 4    28616  821.77%
      0     0      103.6068   956       11.2399 UserPurge1: 4    28636  821.77%
      0     0      103.6065  1002       11.2399 UserPurge1: 4    28666  821.77%
      0     0      103.6064   945       11.2399 UserPurge1: 4    28691  821.77%
      0     0      103.6063   981       11.2399 UserPurge1: 4    28727  821.77%
      0     0      103.6060   949       11.2399 UserPurge1: 4    28765  821.77%
      0     0      103.6059   951       11.2399 UserPurge1: 4    28791  821.76%
      0     0      103.6058   961       11.2399 UserPurge1: 4    28830  821.76%
      0     0      103.6058   999       11.2399 UserPurge1: 4    28854  821.76%
      0     0      103.6056   961       11.2399 UserPurge1: 4    28891  821.76%
      0     0      103.6055   967       11.2399 UserPurge1: 4    28930  821.76%
      0     0      103.6049  1003       11.2399 UserPurge1: 4    28995  821.76%
      0     0      103.6048   964       11.2399 UserPurge1: 4    29021  821.75%
      0     0      103.6045   995       11.2399 UserPurge1: 4    29049  821.75%
      0     0      103.6043  1014       11.2399 UserPurge1: 19    29102  821.75%
      0     0      103.6039   972       11.2399 UserPurge1: 19    29152  821.75%
      0     0      103.6038   984       11.2399 UserPurge1: 4    29169  821.75%
      0     0      103.6037   946       11.2399 UserPurge1: 4    29198  821.75%
      0     0      103.6036   952       11.2399 UserPurge1: 4    29243  821.74%
      0     0      103.6035   976       11.2399 UserPurge1: 4    29262  821.74%
      0     0      103.6034  1015       11.2399 UserPurge1: 4    29301  821.74%
      0     0      103.6034  1020       11.2399 UserPurge1: 4    29324  821.74%
      0     0      103.6033   982       11.2399 UserPurge1: 4    29352  821.74%
      0     0      103.6032   958       11.2399 UserPurge1: 4    29382  821.74%
      0     0      103.6031   972       11.2399 UserPurge1: 4    29402  821.74%
      0     0      103.6030  1012       11.2399 UserPurge1: 4    29434  821.74%
      0     0      103.6029  1030       11.2399 UserPurge1: 4    29475  821.74%
      0     0      103.6029   946       11.2399 UserPurge1: 4    29506  821.74%
      0     0      103.6028   982       11.2399 UserPurge1: 4    29529  821.74%
      0     0      103.6027   970       11.2399 UserPurge1: 4    29564  821.74%
      0     0      103.6025   980       11.2399 UserPurge1: 4    29624  821.73%
      0     0      103.6024  1006       11.2399 UserPurge1: 4    29652  821.73%
      0     0      103.6023  1006       11.2399 UserPurge1: 4    29680  821.73%
      0     0      103.6022   980       11.2399 UserPurge1: 4    29719  821.73%
      0     0      103.6021   980       11.2399 UserPurge1: 4    29743  821.73%
      0     0      103.6021   980       11.2399 UserPurge1: 4    29769  821.73%
      0     0      103.6020  1008       11.2399 UserPurge1: 4    29803  821.73%
      0     0      103.6018  1018       11.2399 UserPurge1: 4    29848  821.73%
      0     0      103.6015   997       11.2399 UserPurge1: 4    29900  821.73%
      0     0      103.6012   956       11.2399 UserPurge1: 4    29949  821.72%
      0     0      103.6010   968       11.2399 UserPurge1: 4    29993  821.72%
      0     0      103.6008  1013       11.2399 UserPurge1: 4    30021  821.72%
      0     0      103.6007   991       11.2399 UserPurge1: 4    30055  821.72%
      0     0      103.6005   946       11.2399 UserPurge1: 4    30081  821.72%
      0     0      103.6003   964       11.2399 UserPurge1: 4    30110  821.71%
      0     0      103.5999  1013       11.2399 UserPurge1: 4    30161  821.71%
      0     0      103.5997   993       11.2399 UserPurge1: 4    30203  821.71%
      0     0      103.5994  1025       11.2399 UserPurge1: 4    30259  821.71%
      0     0      103.5993   991       11.2399 UserPurge1: 4    30285  821.71%
      0     0      103.5990   951       11.2399 UserPurge1: 19    30322  821.70%
      0     0      103.5989   947       11.2399 UserPurge1: 4    30361  821.70%
      0     0      103.5988   953       11.2399 UserPurge1: 4    30387  821.70%
      0     0      103.5987   939       11.2399 UserPurge1: 4    30417  821.70%
      0     0      103.5985  1019       11.2399 UserPurge1: 4    30462  821.70%
      0     0      103.5982   973       11.2399 UserPurge1: 4    30501  821.70%
      0     0      103.5980   981       11.2399 UserPurge1: 4    30547  821.69%
      0     0      103.5979  1043       11.2399 UserPurge1: 4    30562  821.69%
      0     0      103.5978   964       11.2399 UserPurge1: 4    30602  821.69%
      0     0      103.5978  1027       11.2399 UserPurge1: 4    30637  821.69%
      0     0      103.5977   958       11.2399 UserPurge1: 4    30670  821.69%
      0     0      103.5976   983       11.2399 UserPurge1: 4    30701  821.69%
      0     0      103.5976  1021       11.2399 UserPurge1: 4    30745  821.69%
      0     0      103.5975   941       11.2399 UserPurge1: 4    30765  821.69%
      0     0      103.5974   952       11.2399 UserPurge1: 4    30802  821.69%
      0     0      103.5974  1002       11.2399 UserPurge1: 4    30853  821.69%
      0     0      103.5973  1038       11.2399 UserPurge1: 4    30875  821.69%
      0     0      103.5973   968       11.2399 UserPurge1: 4    30899  821.69%
      0     0      103.5972   958       11.2399 UserPurge1: 4    30940  821.69%
      0     0      103.5968   944       11.2399 UserPurge1: 4    30980  821.68%
      0     0      103.5967   964       11.2399 UserPurge1: 4    31016  821.68%
      0     0      103.5963   970       11.2399 UserPurge1: 4    31071  821.68%
      0     0      103.5961   971       11.2399 UserPurge1: 4    31123  821.68%
      0     0      103.5958  1008       11.2399 UserPurge1: 19    31169  821.68%
      0     0      103.5955   990       11.2399 UserPurge1: 19    31212  821.67%
      0     0      103.5953   971       11.2399 UserPurge1: 19    31251  821.67%
      0     0      103.5949   947       11.2399 UserPurge1: 4    31298  821.67%
      0     0      103.5948   956       11.2399 UserPurge1: 4    31318  821.67%
      0     0      103.5947   964       11.2399 UserPurge1: 4    31360  821.66%
      0     0      103.5946   940       11.2399 UserPurge1: 4    31383  821.66%
      0     0      103.5945   982       11.2399 UserPurge1: 4    31418  821.66%
      0     0      103.5944  1035       11.2399 UserPurge1: 4    31466  821.66%
      0     0      103.5942   993       11.2399 UserPurge1: 4    31514  821.66%
      0     0      103.5941  1026       11.2399 UserPurge1: 19    31565  821.66%
      0     0      103.5940  1019       11.2399 UserPurge1: 19    31605  821.66%
      0     0      103.5939  1036       11.2399 UserPurge1: 4    31658  821.66%
      0     0      103.5939   994       11.2399 UserPurge1: 4    31681  821.66%
      0     0      103.5936   965       11.2399 UserPurge1: 4    31709  821.66%
      0     0      103.5934   963       11.2399 UserPurge1: 4    31738  821.65%
      0     0      103.5933   950       11.2399 UserPurge1: 4    31784  821.65%
      0     0      103.5932  1024       11.2399 UserPurge1: 19    31816  821.65%
      0     0      103.5931  1006       11.2399 UserPurge1: 19    31851  821.65%
      0     0      103.5930   953       11.2399 UserPurge1: 4    31889  821.65%
      0     0      103.5930  1025       11.2399 UserPurge1: 4    31917  821.65%
      0     0      103.5929  1043       11.2399 UserPurge1: 19    31941  821.65%
      0     0      103.5929  1017       11.2399 UserPurge1: 19    31977  821.65%
      0     0      103.5928  1034       11.2399 UserPurge1: 19    32022  821.65%
      0     0      103.5927  1003       11.2399 UserPurge1: 4    32068  821.65%
      0     0      103.5926   990       11.2399 UserPurge1: 4    32112  821.65%
      0     0      103.5925   985       11.2399 UserPurge1: 4    32180  821.65%
      0     0      103.5925   975       11.2399 UserPurge1: 4    32214  821.65%
      0     0      103.5924   977       11.2399 UserPurge1: 4    32265  821.65%
      0     0      103.5924  1024       11.2399 UserPurge1: 4    32300  821.64%
      0     0      103.5923  1010       11.2399 UserPurge1: 4    32328  821.64%
      0     0      103.5923  1007       11.2399 UserPurge1: 19    32365  821.64%
      0     0      103.5922  1000       11.2399 UserPurge1: 19    32402  821.64%
      0     0      103.5920   992       11.2399 UserPurge1: 4    32460  821.64%
      0     0      103.5918   995       11.2399 UserPurge1: 4    32516  821.64%
      0     0      103.5917  1003       11.2399 UserPurge1: 4    32552  821.64%
      0     0      103.5917  1013       11.2399 UserPurge1: 4    32589  821.64%
      0     0      103.5916  1039       11.2399 UserPurge1: 4    32642  821.64%
      0     0      103.5916  1026       11.2399 UserPurge1: 4    32669  821.64%
      0     0      103.5915  1038       11.2399 UserPurge1: 4    32716  821.64%
      0     0      103.5914  1025       11.2399 UserPurge1: 19    32760  821.64%
      0     0      103.5913  1034       11.2399 UserPurge1: 19    32811  821.64%
      0     0      103.5913  1012       11.2399 UserPurge1: 19    32836  821.63%
      0     0      103.5912  1009       11.2399 UserPurge1: 4    32885  821.63%
      0     0      103.5911  1015       11.2399 UserPurge1: 19    32922  821.63%
      0     0      103.5910  1021       11.2399 UserPurge1: 19    32968  821.63%
      0     0      103.5909  1003       11.2399 UserPurge1: 4    33028  821.63%
      0     0      103.5908  1019       11.2399 UserPurge1: 4    33087  821.63%
      0     0      103.5907  1035       11.2399 UserPurge1: 4    33128  821.63%
      0     0      103.5905  1001       11.2399 UserPurge1: 4    33155  821.63%
      0     0      103.5903   997       11.2399 UserPurge1: 4    33208  821.63%
      0     0      103.5902  1002       11.2399 UserPurge1: 4    33239  821.63%
      0     0      103.5901   991       11.2399 UserPurge1: 4    33283  821.62%
      0     0      103.5900  1017       11.2399 UserPurge1: 4    33312  821.62%
      0     0      103.5900  1049       11.2399 UserPurge1: 4    33352  821.62%
      0     0      103.5899  1058       11.2399 UserPurge1: 4    33409  821.62%
      0     0      103.5898  1000       11.2399 UserPurge1: 4    33468  821.62%
      0     0      103.5897  1036       11.2399 UserPurge1: 4    33483  821.62%
      0     0      103.5896  1000       11.2399 UserPurge1: 4    33515  821.62%
      0     0      103.5895  1039       11.2399 UserPurge1: 4    33576  821.62%
      0     0      103.5894   989       11.2399 UserPurge1: 4    33615  821.62%
      0     0      103.5893  1039       11.2399 UserPurge1: 4    33647  821.62%
      0     0      103.5892  1061       11.2399 UserPurge1: 4    33678  821.62%
      0     0      103.5892   988       11.2399 UserPurge1: 4    33724  821.62%
      0     0      103.5891  1033       11.2399 UserPurge1: 4    33766  821.62%
      0     0      103.5890  1025       11.2399 UserPurge1: 4    33804  821.61%
      0     0      103.5890   986       11.2399 UserPurge1: 18    33873  821.61%
      0     0      103.5889   985       11.2399 UserPurge1: 4    33889  821.61%
      0     0      103.5888  1018       11.2399 UserPurge1: 4    33925  821.61%
      0     0      103.5887   985       11.2399 UserPurge1: 4    33963  821.61%
      0     0      103.5886  1004       11.2399 UserPurge1: 4    34006  821.61%
      0     0      103.5885  1029       11.2399 UserPurge1: 4    34044  821.61%
      0     0      103.5884   998       11.2399 UserPurge1: 18    34085  821.61%
      0     0      103.5884   987       11.2399 UserPurge1: 4    34109  821.61%
      0     0      103.5883  1018       11.2399 UserPurge1: 4    34150  821.61%
      0     0      103.5883  1011       11.2399 UserPurge1: 18    34202  821.61%
      0     0      103.5882   996       11.2399 UserPurge1: 19    34253  821.61%
      0     0      103.5881   990       11.2399 UserPurge1: 19    34287  821.61%
      0     0      103.5881  1042       11.2399 UserPurge1: 4    34315  821.61%
      0     0      103.5881  1008       11.2399 UserPurge1: 4    34339  821.61%
      0     0      103.5881  1055       11.2399 UserPurge1: 4    34367  821.61%
      0     0      103.5880  1038       11.2399 UserPurge1: 4    34423  821.61%
      0     0      103.5879  1020       11.2399 UserPurge1: 4    34468  821.60%
      0     0      103.5877  1003       11.2399 UserPurge1: 4    34521  821.60%
      0     0      103.5877  1001       11.2399 UserPurge1: 4    34584  821.60%
      0     0      103.5876  1077       11.2399 UserPurge1: 4    34608  821.60%
      0     0      103.5875  1075       11.2399 UserPurge1: 4    34640  821.60%
      0     0      103.5874  1011       11.2399 UserPurge1: 4    34697  821.60%
      0     0      103.5873  1023       11.2399 UserPurge1: 19    34725  821.60%
      0     0      103.5872  1012       11.2399 UserPurge1: 19    34753  821.60%
      0     0      103.5871  1037       11.2399 UserPurge1: 19    34786  821.60%
      0     0      103.5871  1028       11.2399 UserPurge1: 19    34827  821.60%
      0     0      103.5870  1016       11.2399 UserPurge1: 4    34874  821.60%
      0     0      103.5869  1022       11.2399 UserPurge1: 4    34917  821.60%
      0     0      103.5868   993       11.2399 UserPurge1: 4    34957  821.60%
      0     0      103.5868  1027       11.2399 UserPurge1: 4    34994  821.59%
      0     0      103.5867  1006       11.2399 UserPurge1: 19    35015  821.59%
      0     0      103.5866   984       11.2399 UserPurge1: 4    35050  821.59%
      0     0      103.5866  1029       11.2399 UserPurge1: 4    35081  821.59%
      0     0      103.5866  1005       11.2399 UserPurge1: 19    35108  821.59%
      0     0      103.5865  1036       11.2399 UserPurge1: 19    35138  821.59%
      0     0      103.5865  1075       11.2399 UserPurge1: 19    35170  821.59%
      0     0      103.5865   985       11.2399 UserPurge1: 19    35221  821.59%
      0     0      103.5864  1072       11.2399 UserPurge1: 4    35279  821.59%
      0     0      103.5863  1012       11.2399 UserPurge1: 4    35314  821.59%
      0     0      103.5863  1039       11.2399 UserPurge1: 4    35373  821.59%
      0     0      103.5862  1086       11.2399 UserPurge1: 4    35413  821.59%
      0     0      103.5860  1011       11.2399 UserPurge1: 4    35466  821.59%
      0     0      103.5860  1022       11.2399 UserPurge1: 19    35500  821.59%
      0     0      103.5859  1062       11.2399 UserPurge1: 19    35541  821.59%
      0     0      103.5858  1016       11.2399 UserPurge1: 4    35583  821.59%
      0     0      103.5857  1004       11.2399 UserPurge1: 19    35673  821.58%
      0     0      103.5856  1034       11.2399 UserPurge1: 18    35703  821.58%
      0     0      103.5855  1036       11.2399 UserPurge1: 18    35730  821.58%
      0     0      103.5854  1041       11.2399 UserPurge1: 18    35759  821.58%
      0     0      103.5854  1040       11.2399 UserPurge1: 18    35799  821.58%
      0     2      103.5854  1040       11.2399      103.5849    35799  821.58%                        0             0
Elapsed time = 2105.27 sec. (630860.21 ticks, tree = 0.00 MB, solutions = 1)
      1     3      101.9583   598       11.2399      101.9539    36365  807.07%x_ENSMUSP0000001 D      1      0      1
      2     4      100.7930   782       11.2399      101.8098    37184  805.79%          m_4448 N      2      1      2
      3     5       91.8793     7       11.2399      100.7894    37882  796.71%          m_4448 U      3      1      2
      4     6      100.7005   656       11.2399      100.7827    37960  796.65%x_ENSP0000029498 D      4      2      3
      5     7       78.2992   821       11.2399      100.6984    40368  795.90%x_ENSP0000029498 N      5      2      3
      6     8       95.8120   665       11.2399      100.6874    41461  795.80%x_ENSP0000021838 D      6      4      4
      7     9       84.0339   227       11.2399       99.3324    43085  783.74%x_ENSP0000021838 U      7      4      4
      8    10       95.6314   652       11.2399       99.3324    43483  783.74%x_ENSMUSP0000005 D      8      6      5
      9    11       40.1673   571       11.2399       99.3324    46126  783.74%x_ENSMUSP0000005 N      9      6      5
     10    12       94.4819   509       11.2399       99.3324    46322  783.74%y_ENSMUSP0000011 D     10      8      6
Elapsed time = 2701.75 sec. (857745.87 ticks, tree = 0.30 MB, solutions = 1)
     12    14       93.5123   242       11.2399       99.3324    46553  783.74%x_ENSP0000032946 D     12     11      8
     13    15       77.7977   178       11.2399       99.3324    47098  783.74%x_ENSP0000032946 U     13     11      8
     14    16       92.5562   498       11.2399       99.3324    47682  783.74%x_ENSMUSP0000005 N     14     12      9
     15    17       62.6340   301       11.2399       99.3324    49305  783.74%x_ENSMUSP0000005 U     15     12      9
     16    18       92.5022   432       11.2399       99.3324    49448  783.74%x_ENSMUSP0000001 D     16     14     10
     17    19       62.1582   731       11.2399       99.3324    51203  783.74%x_ENSMUSP0000001 U     17     14     10
     18    20       91.7800   740       11.2399       99.3324    51414  783.74%mm_ENSMUSP000000 D     18     16     11
     19    21       87.4445   330       11.2399       99.3324    51739  783.74%mm_ENSMUSP000000 U     19     16     11
     20    22       91.7745   777       11.2399       99.3324    51908  783.74%x_ENSMUSP0000006 N     20     18     12
     21    23       60.2281   277       11.2399       99.3324    53756  783.74%x_ENSMUSP0000006 U     21     18     12
Elapsed time = 3093.43 sec. (1059157.33 ticks, tree = 0.62 MB, solutions = 1)
     22    24       91.7570   686       11.2399       99.3324    54540  783.74%y_ENSMUSP0000005 D     22     20     13
     23    25       91.7403   451       11.2399       99.3324    55049  783.74%z_ENSMUSP0000002 U     23     22     14
     24    26       91.3511   414       11.2399       99.3324    55178  783.74%x_ENSP0000036594 D     24     23     15
     25    27       85.2819   135       11.2399       99.3324    56948  783.74%x_ENSP0000036594 U     25     23     15
     26    28       89.8136   415       11.2399       99.3324    60915  783.74%x_ENSMUSP0000007 D     26     24     16
     27    29       86.9439   671       11.2399       99.3324    61342  783.74%x_ENSMUSP0000007 N     27     24     16
     29    31       77.2653     1       11.2399       99.3324    61758  783.74%x_ENSMUSP0000009 U     29     26     17
     31    33       60.3160   284       11.2399       99.3324    62845  783.74%x_ENSMUSP0000001 U     31     28     18
     32    34       87.7797   208       11.2399       99.3324    65891  783.74%x_ENSP0000033297 D     32     30     19
     33    35       69.4071   168       11.2399       99.3324    70026  783.74%x_ENSP0000033297 U     33     30     19
Elapsed time = 3282.05 sec. (1145468.76 ticks, tree = 0.97 MB, solutions = 1)
     35    37       80.9949   516       11.2399       99.3324    71044  783.74%x_ENSP0000034447 N     35     34     21
     37    39       76.0742   272       11.2399       99.3324    71521  783.74%x_ENSMUSP0000002 D     37     36     22
     39    41       74.6054   204       11.2399       99.3324    71894  783.74%x_ENSP0000035260 D     39     38     23
     42    44       69.6061   116       11.2399       99.3324    72178  783.74%x_ENSMUSP0000002 U     42     40     24
     44    44        cutoff             11.2399       99.3324    73084  783.74%x_ENSP0000034719 N     44     42     25
     46    44        cutoff             11.2399       99.3324    74276  783.74%mm_ENSMUSP000000 U     46     43     26
     47    45       66.6852   190       11.2399       99.3324    74459  783.74%y_ENSMUSP0000002 D     47     45     27
     48    46       66.4763   213       11.2399       99.3324    74527  783.74%x_ENSP0000025465 D     48     47     28
     51    49       57.4738    80       11.2399       99.3324    75132  783.74%x_ENSMUSP0000003 U     51     48     29
     54    52       66.0697    48       11.2399       99.3324    75234  783.74%mm_ENSMUSP000000 D     54     53     32
Elapsed time = 3441.07 sec. (1230999.43 ticks, tree = 1.44 MB, solutions = 1)
     55    53       51.7342   510       11.2399       99.3324    76969  783.74%mm_ENSMUSP000000 N     55     53     32
     56    54       56.4801   201       11.2399       99.3324    77973  783.74%x_ENSMUSP0000004 D     56     54     33
     57    55       55.1914   183       11.2399       99.3324    79208  783.74%x_ENSMUSP0000004 U     57     54     33
     60    58       56.0151   195       11.2399       99.3324    79459  783.74%x_ENSP0000024422 D     60     58     35
     62    60       55.8105   540       11.2399       99.3324    79946  783.74%x_ENSP0000026213 D     62     60     36
     64    62       49.1628    86       11.2399       99.3324    80330  783.74%x_ENSP0000037726 D     64     63     37
     66    64       32.2366   504       11.2399       99.3324    82271  783.74%x_ENSMUSP0000006 N     66     64     38
     68    66       46.1341   176       11.2399       99.3324    82900  783.74%x_ENSP0000034118 D     68     67     39
     69    67       41.1696   250       11.2399       99.3324    83381  783.74%mm_ENSP000003568 U     69     68     40
     71    69       44.6357   274       11.2399       99.3324    83654  783.74%x_ENSMUSP0000002 D     71     70     41
Elapsed time = 3826.66 sec. (1373109.27 ticks, tree = 5.06 MB, solutions = 1)
     75    73       42.4976   196       11.2399       99.3324    83942  783.74%x_ENSMUSP0000002 D     75     74     43
     78    76       41.2700   288       11.2399       99.3324    84411  783.74%x_ENSP0000035441 N     78     77     46
     79    77       41.1349   330       11.2399       99.3324    84514  783.74%x_ENSMUSP0000002 D     79     78     47
     82    80       37.4142   239       11.2399       99.3324    85070  783.74%mm_ENSP000002960 U     82     79     48
     83    81       36.5292    13       11.2399       99.3324    85725  783.74%x_ENSMUSP0000000 D     83     81     49
     84    82       40.8901   276       11.2399       99.3324    85954  783.74%x_ENSMUSP0000000 U     84     81     49
     85    83       40.8646   264       11.2399       99.3324    85970  783.74%mm_ENSP000000149 D     85     84     50
     88    84       40.8162   136       11.2399       99.3324    86265  783.74%x_ENSMUSP0000005 U     88     87     52
     89    85       40.5348   287       11.2399       99.3324    86517  783.74%x_ENSMUSP0000005 D     89     87     52
     90    86       40.7135   204       11.2399       99.3324    86647  783.74%          m_2288 D     90     88     53
Elapsed time = 3952.36 sec. (1451878.61 ticks, tree = 5.56 MB, solutions = 1)
     92    88       36.8715   200       11.2399       99.3324    88058  783.74%x_ENSP0000025749 N     92     90     54
     93    87        cutoff             11.2399       99.3324    88529  783.74%x_ENSP0000025749 U     93     90     54
     94    88       36.7933   144       11.2399       99.3324    88601  783.74%x_ENSMUSP0000000 D     94     92     55
     95    89       36.7563   120       11.2399       99.3324    88623  783.74%x_ENSMUSP0000003 D     95     94     56
     96    90       30.5089   126       11.2399       99.3324    88769  783.74%x_ENSMUSP0000003 U     96     94     56
     97    91       36.6311   328       11.2399       99.3324    88847  783.74%x_ENSP0000023148 D     97     95     57
     98    92       16.8870    13       11.2399       99.3324    89566  783.74%x_ENSP0000023148 U     98     95     57
    100    94       33.3729   259       11.2399       99.3324    89989  783.74%x_ENSMUSP0000004 U    100     97     58
    101    95       33.1641   254       11.2399       99.3324    90039  783.74%x_ENSMUSP0000002 D    101    100     59
    102    96       23.9344   185       11.2399       99.3324    90329  783.74%x_ENSMUSP0000002 U    102    100     59
Elapsed time = 4127.74 sec. (1546239.51 ticks, tree = 5.89 MB, solutions = 1)
    106   100       14.7209    31       11.2399       99.3324    91054  783.74%x_ENSMUSP0000007 U    106    104     62
    107   101       25.1665   181       11.2399       99.3324    92064  783.74%x_ENSP0000035849 N    107    105     63
    108   102       17.2445    13       11.2399       99.3324    92842  783.74%x_ENSP0000035849 U    108    105     63
    109   103       25.1431   142       11.2399       99.3324    92905  783.74%x_ENSP0000035251 D    109    107     64
    110   102        cutoff             11.2399       99.3324    93347  783.74%x_ENSP0000035251 U    110    107     64
    111   103       25.0894   254       11.2399       99.3324    93477  783.74%y_ENSMUSP0000002 D    111    109     65
    113   105       24.5810    94       11.2399       99.3324    93973  783.74%x_ENSMUSP0000002 U    113    111     66
    115   107       24.7540    14       11.2399       99.3324    94085  783.74%x_ENSMUSP0000003 U    115    112     67
    116   108       24.8580   179       11.2399       99.3324    94131  783.74%x_ENSMUSP0000002 D    116    114     68
    119   109        cutoff             11.2399       99.3324    94527  783.74%x_ENSMUSP0000002 U    119    116     69
Elapsed time = 4317.67 sec. (1634630.28 ticks, tree = 6.28 MB, solutions = 1)
    121   111       23.7370    31       11.2399       99.3324    94697  783.74%x_ENSMUSP0000003 D    121    120     71
    123   111       23.5383     3       11.2399       99.3324    95014  783.74%x_ENSMUSP0000003 D    123    121     72
    124   112       23.4949    56       11.2399       99.3324    95033  783.74%x_ENSMUSP0000011 D    124    123     73
    125   113       14.6420   149       11.2399       99.3324    96226  783.74%x_ENSMUSP0000002 N    125    124     74
    127   113       14.6060   160       11.2399       99.3324    96390  783.74%x_ENSMUSP0000011 D    127    125     75
    128   114       14.5848   175       11.2399       99.3324    96401  783.74%x_ENSP0000030589 D    128    127     76
    129   115       14.0287    95       11.2399       99.3324    96519  783.74%x_ENSP0000030589 U    129    127     76
    131   117       12.6651   103       11.2399       99.3324    96825  783.74%x_ENSMUSP0000010 D    131    130     78
    132   117       12.2905   201       11.2399       99.3324    97086  783.74%x_ENSMUSP0000003 D    132    131     79
    133   118       12.2777   199       11.2399       99.3324    97103  783.74%x_ENSMUSP0000002 D    133    132     80
Elapsed time = 4587.14 sec. (1790033.38 ticks, tree = 6.55 MB, solutions = 1)
    135   118        cutoff             11.2399       99.3324    97328  783.74%x_ENSP0000034974 D    135    134     82
    137   118       94.3641   838       11.2399       95.5947    99354  750.49%x_ENSMUSP0000001 U    137      0      1
    138   119       94.3315   813       11.2399       95.5947    99452  750.49%y_ENSMUSP0000005 D    138    137      2
    139   120       93.9841   856       11.2399       95.5947    99954  750.49%x_ENSMUSP0000005 D    139    138      3
    140   121       38.9424   745       11.2399       95.5947   107804  750.49%x_ENSMUSP0000005 U    140    138      3
    142   123       58.1095   874       11.2399       95.5947   111805  750.49%x_ENSMUSP0000001 U    142    139      4
    143   124       92.6351   665       11.2399       95.5947   112056  750.49%x_ENSP0000021838 D    143    141      5
    144   125       90.8528   714       11.2399       95.5947   112225  750.49%x_ENSMUSP0000001 N    144    143      6
    145   126       89.4683   345       11.2399       95.5947   113280  750.49%x_ENSP0000033297 D    145    144      7
    146   127       87.4933   699       11.2399       95.5947   115095  750.49%x_ENSMUSP0000009 D    146    145      8
Elapsed time = 5186.86 sec. (2108895.97 ticks, tree = 8.38 MB, solutions = 1)
    147   128       81.5832    37       11.2399       95.5947   117780  750.49%x_ENSMUSP0000009 U    147    145      8
    148   129       81.3400    49       11.2399       95.5947   119003  750.49%x_ENSMUSP0000002 D    148    147      9
    150   131       81.2098   122       11.2399       95.5947   120004  750.49%x_ENSP0000021201 U    150    149     11
    151   132       76.5445    36       11.2399       95.5947   122285  750.49%x_ENSP0000021201 D    151    149     11
    153   134       76.3415    24       11.2399       95.5947   123695  750.49%          m_4448 U    153    152     13
    154   135       76.3046    60       11.2399       95.5947   124061  750.49%z_ENSMUSP0000002 D    154    153     14
    155   136       75.9591    54       11.2399       95.5947   124374  750.49%x_ENSP0000035292 D    155    154     15
    158   139       74.8562    25       11.2399       95.5947   126071  750.49%x_ENSP0000038242 U    158    156     17
    160   141       75.7892    18       11.2399       95.5947   126570  750.49%x_ENSP0000041007 D    160    159     19
    161   142       53.8649   127       11.2399       95.5947   135728  750.49%x_ENSP0000041007 N    161    159     19
Elapsed time = 5666.43 sec. (2292949.06 ticks, tree = 8.87 MB, solutions = 1)
    162   143       61.1812    43       11.2399       95.5947   141004  750.49%x_ENSP0000021590 D    162    160     20
    163   144       59.9861    97       11.2399       95.5947   147096  750.49%x_ENSP0000021590 U    163    160     20
    165   146       60.3196     1       11.2399       95.5947   150534  750.49%x_ENSMUSP0000002 U    165    162     21
    166   147       60.1470   132       11.2399       95.5947   152694  750.49%x_ENSMUSP0000002 D    166    165     22
    167   148       25.7792    12       11.2399       95.5947   160366  750.49%x_ENSMUSP0000002 U    167    165     22
    169   150       59.7714    49       11.2399       95.5947   164220  750.49%x_ENSP0000025749 D    169    168     24
    170   149        cutoff             11.2399       95.5947   171048  750.49%x_ENSP0000025749 U    170    168     24
    171   150       59.5886    32       11.2399       95.5947   172438  750.49%mm_ENSMUSP000000 D    171    169     25
    173   152       59.3804    49       11.2399       95.5947   173614  750.49%mm_ENSP000002624 D    173    171     26
    174   153       56.1186    67       11.2399       95.5947   176088  750.49%x_ENSMUSP0000003 D    174    172     27
Elapsed time = 6526.53 sec. (2669534.24 ticks, tree = 9.20 MB, solutions = 1)
    175   154       56.0107    25       11.2399       95.5947   177162  750.49%x_ENSMUSP0000002 D    175    174     28
    176   155       55.9244     9       11.2399       95.5947   178352  750.49%x_ENSMUSP0000002 D    176    175     29
    177   156       55.8553     2       11.2399       95.5947   180090  750.49%x_ENSP0000033743 D    177    176     30
    178   157       55.7898    13       11.2399       95.5947   180862  750.49%x_ENSMUSP0000007 D    178    177     31
    179   158       55.6519     3       11.2399       95.5947   185535  750.49%x_ENSP0000028942 D    179    178     32
    180   159       50.1508   216       11.2399       95.5947   190316  750.49%x_ENSP0000025371 N    180    179     33
    181   160       49.9598   244       11.2399       95.5947   191007  750.49%x_ENSP0000036594 D    181    180     34
    182   161       41.4151   105       11.2399       95.5947   194159  750.49%x_ENSP0000036594 U    182    180     34
    183   162       49.7459   125       11.2399       95.5947   195240  750.49%x_ENSP0000034118 D    183    181     35
    184   161        cutoff             11.2399       95.5947   205620  750.49%x_ENSP0000034118 U    184    181     35
Elapsed time = 7081.90 sec. (2908111.28 ticks, tree = 9.44 MB, solutions = 1)
    185   162       48.2810   103       11.2399       95.5947   206342  750.49%x_ENSMUSP0000007 D    185    183     36
    189   166       47.0691    79       11.2399       95.5947   211746  750.49%x_ENSP0000024545 U    189    187     39
    191   168       46.9583    73       11.2399       95.5947   214543  750.49%x_ENSMUSP0000002 D    191    190     41
    194   171       36.2455    79       11.2399       95.5947   219602  750.49%x_ENSMUSP0000000 U    194    192     43
    195   172       46.4301    32       11.2399       95.5947   221862  750.49%x_ENSP0000031585 D    195    193     44
    196   173       42.2679     2       11.2399       95.5947   224277  750.49%x_ENSP0000031585 U    196    193     44
    197   174       45.9261    26       11.2399       95.5947   224316  750.49%x_ENSMUSP0000002 D    197    195     45
    199   176       45.8459    54       11.2399       95.5947   224841  750.49%x_ENSMUSP0000011 D    199    198     47
    200   177       30.5012   233       11.2399       95.5947   252179  750.49%x_ENSP0000023811 N    200    199     48
    201   178       26.9783    32       11.2399       95.5947   266158  750.49%x_ENSP0000023811 U    201    199     48
Elapsed time = 8212.30 sec. (3350758.43 ticks, tree = 13.15 MB, solutions = 1)
    202   179       30.4991   141       11.2399       95.5947   266199  750.49%x_ENSP0000023148 D    202    200     49
    203   178        cutoff             11.2399       95.5947   269171  750.49%x_ENSP0000023148 U    203    200     49
    206   181       30.4681   110       11.2399       95.5947   269708  750.49%x_ENSP0000025336 D    206    205     52
    207   182       23.8218    77       11.2399       95.5947   275959  750.49%x_ENSP0000025336 U    207    205     52
    208   183       30.3945   123       11.2399       95.5947   276998  750.49%x_ENSP0000035886 D    208    206     53
    209   182        cutoff             11.2399       95.5947   285826  750.49%x_ENSP0000035886 U    209    206     53
    210   183       28.6831    99       11.2399       95.5947   288725  750.49%x_ENSMUSP0000002 D    210    208     54
    211   184       28.4575    75       11.2399       95.5947   294513  750.49%x_ENSMUSP0000002 U    211    208     54
    212   185       28.6476   107       11.2399       95.5947   297715  750.49%x_ENSMUSP0000005 D    212    210     55
    213   186       28.2543    99       11.2399       95.5947   299347  750.49%x_ENSMUSP0000005 U    213    210     55
Elapsed time = 8988.23 sec. (3679767.57 ticks, tree = 15.00 MB, solutions = 1)
    214   187       27.4949    74       11.2399       95.5947   301560  750.49%x_ENSP0000036463 D    214    213     56
    215   188       21.2447    62       11.2399       95.5947   308309  750.49%x_ENSP0000036463 U    215    213     56
    217   190       26.8909    92       11.2399       95.5947   311339  750.49%x_ENSMUSP0000004 D    217    216     58
    218   191       21.5874    28       11.2399       95.5947   317381  750.49%x_ENSMUSP0000004 U    218    216     58
    219   192       26.3730    62       11.2399       95.5947   318856  750.49%x_ENSP0000026586 D    219    217     59
    220   193       20.7539    62       11.2399       95.5947   326935  750.49%x_ENSP0000026586 U    220    217     59
    221   194       26.0817    51       11.2399       95.5947   330891  750.49%x_ENSMUSP0000004 D    221    219     60
    222   195       20.7668   193       11.2399       95.5947   343691  750.49%x_ENSMUSP0000004 N    222    219     60
    223   196       25.8074    68       11.2399       95.5947   347321  750.49%x_ENSMUSP0000002 D    223    221     61
    224   197       25.6385   108       11.2399       95.5947   348894  750.49%x_ENSP0000031997 D    224    223     62
Elapsed time = 9820.35 sec. (3979521.45 ticks, tree = 15.30 MB, solutions = 1)
    225   198       20.2559    81       11.2399       95.5947   353872  750.49%x_ENSP0000031997 U    225    223     62
    229   202       22.4895    62       11.2399       95.5947   362862  750.49%x_ENSMUSP0000012 U    229    227     65
    231   204       22.3235    62       11.2399       95.5947   372541  750.49%x_ENSMUSP0000002 U    231    228     66
    232   205       25.3326    86       11.2399       95.5947   373586  750.49%x_ENSMUSP0000011 D    232    230     67
    235   208       22.7490    67       11.2399       95.5947   380508  750.49%x_ENSP0000031658 U    235    233     68
    237   210       22.0580    62       11.2399       95.5947   388450  750.49%x_ENSP0000026369 U    237    234     69
    238   211       24.9496    56       11.2399       95.5947   389704  750.49%x_ENSMUSP0000000 D    238    236     70
    239   212       22.0807    74       11.2399       95.5947   396047  750.49%x_ENSMUSP0000000 U    239    236     70
    240   213       21.8219    48       11.2399       95.5947   398172  750.49%x_ENSMUSP0000006 U    240    238     71
    243   214        cutoff             11.2399       95.5947   426711  750.49%x_ENSMUSP0000002 N    243    241     72
Elapsed time = 11193.42 sec. (4434470.49 ticks, tree = 19.07 MB, solutions = 1)
    244   215       18.8361    88       11.2399       95.5947   440463  750.49%x_ENSP0000034230 U    244    242     73
    245   216       24.2317    50       11.2399       95.5947   443108  750.49%x_ENSP0000034230 D    245    242     73
    246   217       24.2085    62       11.2399       95.5947   443346  750.49%x_ENSMUSP0000002 D    246    245     74
    247   218       24.1829    62       11.2399       95.5947   445814  750.49%x_ENSP0000030490 D    247    246     75
    248   219       21.3425    50       11.2399       95.5947   458427  750.49%x_ENSP0000030490 U    248    246     75
    249   220       24.1171    62       11.2399       95.5947   458693  750.49%x_ENSP0000031319 D    249    247     76
    250   221       22.3908    28       11.2399       95.5947   466224  750.49%x_ENSP0000031319 U    250    247     76
    251   222       23.6324    92       11.2399       95.5947   468005  750.49%x_ENSP0000033679 D    251    249     77

Zero-half cuts applied:  25
User cuts applied:  9670

Root node processing (before b&c):
  Real time             = 2105.27 sec. (630854.55 ticks)
Sequential b&c:
  Real time             = 9894.77 sec. (4077624.03 ticks)
                          ------------
Total (root+branch&cut) = 12000.04 sec. (4708478.58 ticks)
Solved in 12004.4s
	Command being timed: "timeout 12500s /home/hsoueidan/xheinz/build/xHeinz_git_user_cuts -n1 48h/mouse_MA_scores_0.01_corrected_ensp_induced.tsv -n2 48h/human_MA_scores_0.01_corrected_ensp_induced.tsv -e1 /home/hsoueidan/xheinz/data/Th17/STRING/mmu-no_UBC.txt -e2 /home/hsoueidan/xheinz/data/Th17/STRING/hsa-no_UBC_no_SUMO2.txt -t 12000 -rt 2000 -cog data/ensembl_cog_ALL.tsv -a 0.97"
	User time (seconds): 11912.75
	System time (seconds): 121.17
	Percent of CPU this job got: 100%
	Elapsed (wall clock) time (h:mm:ss or m:ss): 3:20:32
	Average shared text size (kbytes): 0
	Average unshared data size (kbytes): 0
	Average stack size (kbytes): 0
	Average total size (kbytes): 0
	Maximum resident set size (kbytes): 10585872
	Average resident set size (kbytes): 0
	Major (requiring I/O) page faults: 0
	Minor (reclaiming a frame) page faults: 23375765
	Voluntary context switches: 693
	Involuntary context switches: 14035
	Swaps: 0
	File system inputs: 0
	File system outputs: 8
	Socket messages sent: 0
	Socket messages received: 0
	Signals delivered: 0
	Page size (bytes): 4096
	Exit status: 0
