Warning: Control callbacks may disable some MIP features.
Lazy constraint(s) or lazy constraint callback is present.
    Disabling dual reductions (CPX_PARAM_REDUCE) in presolve.
Clique table members: 72004.
MIP emphasis: balance optimality and feasibility.
MIP search method: traditional branch-and-cut.
Parallel mode: none, using 1 thread.
Root relaxation solution time = 10.94 sec. (3198.72 ticks)

        Nodes                                         Cuts/
   Node  Left     Objective  IInf  Best Integer    Best Bound    ItCnt     Gap         Variable B NodeID Parent  Depth

      0     0       68.7558    24                     86.2564    14484         
*     0+    0                           26.7845       68.7558    14484  156.70%
      0     0       61.1167    36       26.7845   ZeroHalf: 2    14527  128.18%
      0     0       52.9904    36       26.7845  ZeroHalf: 24    14547   97.84%
      0     0       52.4030   289       26.7845  ZeroHalf: 37    14627   95.65%
      0     0       51.7132    30       26.7845  ZeroHalf: 27    14691   93.07%
      0     0       51.4756   230       26.7845   ZeroHalf: 3    14749   92.18%
      0     0       50.5684   242       26.7845      Cuts: 11    14930   88.80%
      0     0       50.3243   242       26.7845   ZeroHalf: 4    14961   87.89%
      0     0       50.1264    18       26.7845       Cuts: 7    15001   87.15%
      0     0       49.8594   272       26.7845   ZeroHalf: 3    15078   86.15%
      0     0       49.6664    36       26.7845      Cuts: 17    15150   85.43%
      0     0       49.5154   256       26.7845   ZeroHalf: 3    15265   84.87%
      0     0       48.5652   345       26.7845 UserPurge1: 49    15455   81.32%
      0     0       47.6966   322       26.7845      Cuts: 15    15719   78.07%
      0     0       47.6512   322       26.7845   ZeroHalf: 4    15741   77.91%
      0     0       45.7716   108       26.7845 UserPurge1: 67    15886   70.89%
      0     0       45.3235    60       26.7845 UserPurge1: 48    15898   69.21%
      0     0       45.0016    60       26.7845  ZeroHalf: 41    15955   68.01%
      0     0       44.9724    48       26.7845  ZeroHalf: 47    15961   67.90%
      0     0       44.7837   366       26.7845   ZeroHalf: 3    15978   67.20%
      0     0       44.7354    54       26.7845      Cuts: 10    16030   67.02%
      0     0       44.7296   126       26.7845  ZeroHalf: 10    16035   67.00%
      0     0       44.6931   108       26.7845   ZeroHalf: 1    16051   66.86%
      0     0       44.6485   348       26.7845   ZeroHalf: 7    16081   66.69%
      0     0       44.6274   348       26.7845   ZeroHalf: 1    16100   66.62%
      0     0       44.5287   126       26.7845 UserPurge1: 107    16110   66.25%
      0     0       44.4497   132       26.7845 UserPurge1: 3    16111   65.95%
      0     0       44.3721   120       26.7845   ZeroHalf: 9    16122   65.66%
      0     0       43.7956    90       26.7845   ZeroHalf: 3    16186   63.51%
      0     0       43.7204   138       26.7845   ZeroHalf: 4    16301   63.23%
      0     0       43.6997    90       26.7845       Cuts: 8    16339   63.15%
      0     0       43.5194   254       26.7845 UserPurge1: 36    16424   62.48%
      0     0       43.4878   206       26.7845 UserPurge1: 3    16436   62.36%
      0     0       43.3091   266       26.7845 UserPurge1: 33    16512   61.69%
      0     0       43.2946   302       26.7845       Cuts: 7    16524   61.64%
      0     0       43.1897   338       26.7845 UserPurge1: 51    16602   61.25%
      0     0       43.0863   368       26.7845 UserPurge1: 90    16662   60.86%
      0     0       43.0102   242       26.7845 UserPurge1: 80    16696   60.58%
      0     0       42.9490   214       26.7845 UserPurge1: 58    16736   60.35%
      0     0       42.9113   320       26.7845 UserPurge1: 62    16772   60.21%
      0     0       42.8765   368       26.7845 UserPurge1: 92    16795   60.08%
      0     0       42.6657   280       26.7845 UserPurge1: 106    16890   59.29%
      0     0       42.5520   186       26.7845 UserPurge1: 84    16988   58.87%
      0     0       42.4231   393       26.7845 UserPurge1: 68    17174   58.39%
      0     0       42.3603   268       26.7845 UserPurge1: 66    17284   58.15%
      0     0       42.2877   303       26.7845 UserPurge1: 78    17348   57.88%
      0     0       42.2301   362       26.7845 UserPurge1: 70    17396   57.67%
      0     0       42.1940   350       26.7845 UserPurge1: 102    17459   57.53%
      0     0       42.1302   362       26.7845 UserPurge1: 82    17506   57.29%
      0     0       42.0936   392       26.7845 UserPurge1: 100    17555   57.16%
      0     0       42.0293   398       26.7845 UserPurge1: 116    17632   56.92%
      0     0       41.9514   368       26.7845 UserPurge1: 78    17709   56.63%
      0     0       41.8615   404       26.7845 UserPurge1: 92    17779   56.29%
      0     0       41.7026   374       26.7845 UserPurge1: 104    17969   55.70%
      0     0       41.5293   380       26.7845 UserPurge1: 94    18213   55.05%
      0     0       41.4654   422       26.7845 UserPurge1: 104    18321   54.81%
      0     0       41.3847   422       26.7845 UserPurge1: 99    18453   54.51%
      0     0       41.2782   332       26.7845 UserPurge1: 105    18602   54.11%
      0     0       41.2379   392       26.7845 UserPurge1: 104    18662   53.96%
      0     0       41.1545   296       26.7845 UserPurge1: 68    18847   53.65%
      0     0       41.1180   434       26.7845 UserPurge1: 76    18962   53.51%
      0     0       41.0560   332       26.7845 UserPurge1: 98    19070   53.28%
      0     0       40.9990   308       26.7845 UserPurge1: 100    19183   53.07%
      0     0       40.9494   368       26.7845 UserPurge1: 86    19265   52.88%
      0     0       40.8704   458       26.7845 UserPurge1: 74    19450   52.59%
      0     0       40.8103   344       26.7845 UserPurge1: 82    19559   52.37%
      0     0       40.7879   434       26.7845 UserPurge1: 80    19641   52.28%
      0     0       40.7066   470       26.7845 UserPurge1: 80    19773   51.98%
      0     0       40.6632   410       26.7845 UserPurge1: 104    19818   51.82%
      0     0       40.6342   470       26.7845 UserPurge1: 70    19943   51.71%
      0     0       40.6111   374       26.7845 UserPurge1: 42    19989   51.62%
      0     0       40.5886   411       26.7845 UserPurge1: 56    20068   51.54%
      0     0       40.5636   483       26.7845 UserPurge1: 32    20150   51.44%
      0     0       40.5219   477       26.7845 UserPurge1: 106    20239   51.29%
      0     0       40.4695   363       26.7845 UserPurge1: 124    20353   51.09%
      0     0       40.4158   429       26.7845 UserPurge1: 62    20464   50.89%
      0     0       40.3662   398       26.7845 UserPurge1: 70    20542   50.71%
      0     0       40.3099   416       26.7845 UserPurge1: 62    20685   50.50%
      0     0       40.2904   428       26.7845 UserPurge1: 74    20749   50.42%
      0     0       40.2506   440       26.7845 UserPurge1: 64    20842   50.28%
      0     0       40.1795   479       26.7845 UserPurge1: 46    21021   50.01%
      0     0       40.1363   450       26.7845 UserPurge1: 32    21143   49.85%
      0     0       40.0961   400       26.7845 UserPurge1: 22    21252   49.70%
      0     0       40.0628   424       26.7845 UserPurge1: 26    21351   49.57%
      0     0       40.0324   423       26.7845 UserPurge1: 30    21405   49.46%
      0     0       40.0091   435       26.7845 UserPurge1: 28    21447   49.37%
      0     0       39.9633   437       26.7845 UserPurge1: 24    21557   49.20%
      0     0       39.9364   430       26.7845 UserPurge1: 40    21622   49.10%
      0     0       39.9268   417       26.7845 UserPurge1: 47    21657   49.07%
      0     0       39.9145   386       26.7845 UserPurge1: 22    21709   49.02%
      0     0       39.9057   429       26.7845 UserPurge1: 84    21743   48.99%
      0     0       39.8995   459       26.7845 UserPurge1: 36    21767   48.96%
      0     0       39.8834   461       26.7845 UserPurge1: 87    21882   48.90%
      0     0       39.8443   455       26.7845 UserPurge1: 64    21992   48.76%
      0     0       39.8033   460       26.7845 UserPurge1: 74    22106   48.61%
      0     0       39.7563   466       26.7845 UserPurge1: 94    22183   48.43%
      0     0       39.7185   410       26.7845 UserPurge1: 102    22311   48.29%
      0     0       39.6899   440       26.7845 UserPurge1: 112    22372   48.18%
      0     0       39.6669   470       26.7845 UserPurge1: 56    22474   48.10%
      0     0       39.6550   476       26.7845 UserPurge1: 48    22538   48.05%
      0     0       39.6439   509       26.7845 UserPurge1: 84    22586   48.01%
      0     0       39.6256   440       26.7845 UserPurge1: 72    22709   47.94%
      0     0       39.6146   495       26.7845 UserPurge1: 52    22755   47.90%
      0     0       39.6027   488       26.7845 UserPurge1: 93    22843   47.86%
      0     0       39.5970   476       26.7845 UserPurge1: 90    22886   47.84%
      0     0       39.5844   465       26.7845 UserPurge1: 102    22984   47.79%
      0     0       39.5702   460       26.7845 UserPurge1: 52    23078   47.74%
      0     0       39.5611   488       26.7845 UserPurge1: 67    23134   47.70%
      0     0       39.5417   496       26.7845 UserPurge1: 55    23236   47.63%
      0     0       39.5181   526       26.7845 UserPurge1: 39    23384   47.54%
      0     0       39.5038   514       26.7845 UserPurge1: 41    23453   47.49%
      0     0       39.4701   452       26.7845 UserPurge1: 48    23588   47.36%
      0     0       39.4377   482       26.7845 UserPurge1: 36    23687   47.24%
      0     0       39.4161   470       26.7845 UserPurge1: 38    23743   47.16%
      0     0       39.3911   512       26.7845 UserPurge1: 44    23826   47.07%
      0     0       39.3546   465       26.7845 UserPurge1: 42    23954   46.93%
      0     0       39.3364   477       26.7845 UserPurge1: 30    24002   46.86%
      0     0       39.3263   476       26.7845 UserPurge1: 26    24069   46.82%
      0     0       39.3167   483       26.7845 UserPurge1: 40    24124   46.79%
      0     0       39.2964   447       26.7845 UserPurge1: 24    24198   46.71%
      0     0       39.2811   477       26.7845 UserPurge1: 30    24249   46.66%
      0     0       39.2502   501       26.7845 UserPurge1: 30    24407   46.54%
      0     0       39.2218   453       26.7845 UserPurge1: 26    24537   46.43%
      0     0       39.2110   423       26.7845 UserPurge1: 28    24580   46.39%
      0     0       39.2033   477       26.7845 UserPurge1: 22    24626   46.37%
      0     0       39.1971   483       26.7845 UserPurge1: 26    24667   46.34%
      0     0       39.1882   477       26.7845 UserPurge1: 24    24766   46.31%
      0     0       39.1779   495       26.7845 UserPurge1: 28    24871   46.27%
      0     0       39.1733   538       26.7845 UserPurge1: 28    24941   46.25%
      0     0       39.1265   477       26.7845 UserPurge1: 98    25144   46.08%
      0     0       39.1037   465       26.7845 UserPurge1: 24    25284   45.99%
      0     0       39.0818   537       26.7845 UserPurge1: 32    25357   45.91%
      0     0       39.0627   477       26.7845 UserPurge1: 26    25418   45.84%
      0     0       39.0511   477       26.7845 UserPurge1: 27    25539   45.80%
      0     0       39.0433   525       26.7845 UserPurge1: 26    25599   45.77%
      0     0       39.0316   531       26.7845 UserPurge1: 26    25659   45.72%
      0     0       39.0232   537       26.7845 UserPurge1: 24    25750   45.69%
      0     0       39.0075   543       26.7845 UserPurge1: 22    25842   45.63%
      0     0       38.9786   515       26.7845 UserPurge1: 24    25944   45.53%
      0     0       38.9546   467       26.7845 UserPurge1: 26    25986   45.44%
      0     0       38.9459   533       26.7845 UserPurge1: 34    26057   45.40%
      0     0       38.9235   527       26.7845 UserPurge1: 26    26179   45.32%
      0     0       38.9060   537       26.7845 UserPurge1: 30    26305   45.26%
      0     0       38.8828   519       26.7845 UserPurge1: 26    26401   45.17%
      0     0       38.8529   545       26.7845 UserPurge1: 24    26557   45.06%
      0     0       38.8328   507       26.7845 UserPurge1: 26    26670   44.98%
      0     0       38.7938   585       26.7845 UserPurge1: 29    26820   44.84%
      0     0       38.7622   509       26.7845 UserPurge1: 31    26995   44.72%
      0     0       38.7292   531       26.7845 UserPurge1: 30    27156   44.60%
      0     0       38.7085   531       26.7845 UserPurge1: 40    27232   44.52%
      0     0       38.6750   453       26.7845 UserPurge1: 28    27416   44.39%
      0     0       38.6514   501       26.7845 UserPurge1: 40    27506   44.30%
      0     0       38.6393   519       26.7845 UserPurge1: 28    27567   44.26%
      0     0       38.6253   483       26.7845 UserPurge1: 41    27632   44.21%
      0     0       38.6070   513       26.7845 UserPurge1: 28    27695   44.14%
      0     0       38.5884   507       26.7845 UserPurge1: 26    27832   44.07%
      0     0       38.5798   507       26.7845 UserPurge1: 32    27939   44.04%
      0     0       38.5720   471       26.7845 UserPurge1: 30    27991   44.01%
      0     0       38.5643   483       26.7845 UserPurge1: 24    28052   43.98%
      0     0       38.5577   573       26.7845 UserPurge1: 28    28114   43.96%
      0     0       38.5527   555       26.7845 UserPurge1: 26    28150   43.94%
      0     0       38.5464   501       26.7845 UserPurge1: 28    28215   43.91%
      0     0       38.5404   603       26.7845 UserPurge1: 28    28263   43.89%
      0     0       38.5310   489       26.7845 UserPurge1: 28    28361   43.86%
      0     0       38.5287   543       26.7845 UserPurge1: 24    28398   43.85%
      0     0       38.5110   635       26.7845 UserPurge1: 28    28525   43.78%
      0     0       38.4999   653       26.7845 UserPurge1: 26    28658   43.74%
      0     0       38.4709   531       26.7845 UserPurge1: 28    28796   43.63%
      0     0       38.4450   525       26.7845 UserPurge1: 26    28890   43.53%
      0     0       38.4296   465       26.7845 UserPurge1: 28    28977   43.48%
      0     0       38.4178   489       26.7845 UserPurge1: 26    29074   43.43%
      0     0       38.3924   459       26.7845 UserPurge1: 20    29168   43.34%
      0     0       38.3752   495       26.7845 UserPurge1: 20    29294   43.27%
      0     0       38.3639   615       26.7845 UserPurge1: 20    29392   43.23%
      0     0       38.3562   513       26.7845 UserPurge1: 24    29442   43.20%
      0     0       38.3426   581       26.7845 UserPurge1: 20    29622   43.15%
      0     0       38.3377   519       26.7845 UserPurge1: 20    29683   43.13%
      0     0       38.3338   501       26.7845 UserPurge1: 20    29767   43.12%
      0     0       38.3291   507       26.7845 UserPurge1: 20    29842   43.10%
      0     0       38.3273   545       26.7845 UserPurge1: 24    29884   43.09%
      0     0       38.3150   549       26.7845 UserPurge1: 20    30013   43.05%
      0     0       38.3074   441       26.7845 UserPurge1: 32    30100   43.02%
      0     0       38.3026   543       26.7845 UserPurge1: 32    30184   43.00%
      0     0       38.2865   531       26.7845 UserPurge1: 28    30354   42.94%
      0     0       38.2691   579       26.7845 UserPurge1: 42    30510   42.88%
      0     0       38.2571   581       26.7845 UserPurge1: 26    30623   42.83%
      0     0       38.2505   513       26.7845 UserPurge1: 18    30731   42.81%
      0     0       38.2476   513       26.7845 UserPurge1: 22    30780   42.80%
      0     0       38.2416   507       26.7845 UserPurge1: 20    30899   42.77%
      0     0       38.2408   501       26.7845 UserPurge1: 18    30951   42.77%
      0     0       38.2388   489       26.7845 UserPurge1: 18    31007   42.76%
      0     0       38.2378   531       26.7845 UserPurge1: 20    31066   42.76%
      0     0       38.2356   543       26.7845 UserPurge1: 37    31156   42.75%
      0     0       38.2327   579       26.7845 UserPurge1: 20    31254   42.74%
      0     0       38.2299   507       26.7845 UserPurge1: 20    31345   42.73%
      0     0       38.2279   567       26.7845 UserPurge1: 18    31404   42.72%
      0     0       38.2230   585       26.7845 UserPurge1: 24    31509   42.71%
      0     0       38.2152   543       26.7845 UserPurge1: 26    31636   42.68%
      0     0       38.2077   609       26.7845 UserPurge1: 24    31735   42.65%
      0     0       38.2005   591       26.7845 UserPurge1: 18    31873   42.62%
      0     0       38.1878   580       26.7845 UserPurge1: 20    32045   42.57%
      0     0       38.1650   532       26.7845 UserPurge1: 24    32215   42.49%
      0     0       38.1479   570       26.7845 UserPurge1: 21    32326   42.43%
      0     0       38.1387   549       26.7845 UserPurge1: 18    32457   42.39%
      0     0       38.1288   587       26.7845 UserPurge1: 20    32574   42.35%
      0     0       38.1167   495       26.7845 UserPurge1: 20    32723   42.31%
      0     0       38.1100   592       26.7845 UserPurge1: 24    32840   42.28%
      0     0       38.1029   550       26.7845 UserPurge1: 18    32980   42.26%
      0     0       38.0973   586       26.7845 UserPurge1: 18    33066   42.24%
      0     0       38.0933   550       26.7845 UserPurge1: 18    33164   42.22%
      0     0       38.0875   604       26.7845 UserPurge1: 20    33270   42.20%
      0     0       38.0816   586       26.7845 UserPurge1: 26    33346   42.18%
      0     0       38.0754   562       26.7845 UserPurge1: 27    33411   42.15%
      0     0       38.0719   550       26.7845 UserPurge1: 33    33469   42.14%
      0     0       38.0686   544       26.7845 UserPurge1: 22    33548   42.13%
      0     0       38.0653   609       26.7845 UserPurge1: 27    33657   42.12%
      0     0       38.0600   585       26.7845 UserPurge1: 20    33741   42.10%
      0     0       38.0575   542       26.7845 UserPurge1: 20    33812   42.09%
      0     0       38.0550   623       26.7845 UserPurge1: 26    33904   42.08%
      0     0       38.0520   599       26.7845 UserPurge1: 20    33971   42.07%
      0     0       38.0484   573       26.7845 UserPurge1: 32    34053   42.05%
      0     0       38.0459   604       26.7845 UserPurge1: 20    34136   42.04%
      0     0       38.0398   603       26.7845 UserPurge1: 20    34258   42.02%
      0     0       38.0298   586       26.7845 UserPurge1: 28    34381   41.98%
      0     0       38.0194   591       26.7845 UserPurge1: 26    34489   41.95%
      0     0       38.0066   622       26.7845 UserPurge1: 22    34664   41.90%
      0     0       37.9876   501       26.7845 UserPurge1: 20    34771   41.83%
      0     0       37.9749   548       26.7845 UserPurge1: 18    34923   41.78%
      0     0       37.9672   536       26.7845 UserPurge1: 26    35031   41.75%
      0     0       37.9615   586       26.7845 UserPurge1: 20    35166   41.73%
      0     0       37.9556   592       26.7845 UserPurge1: 18    35333   41.71%
      0     0       37.9528   524       26.7845 UserPurge1: 22    35452   41.70%
      0     0       37.9508   592       26.7845 UserPurge1: 26    35552   41.69%
      0     0       37.9477   634       26.7845 UserPurge1: 20    35703   41.68%
      0     0       37.9451   458       26.7845 UserPurge1: 22    35804   41.67%
      0     0       37.9428   608       26.7845 UserPurge1: 26    35870   41.66%
      0     0       37.9406   632       26.7845 UserPurge1: 20    35945   41.65%
      0     0       37.9377   614       26.7845 UserPurge1: 18    36043   41.64%
      0     0       37.9336   555       26.7845 UserPurge1: 18    36179   41.63%
      0     0       37.9301   585       26.7845 UserPurge1: 21    36296   41.61%
      0     0       37.9263   615       26.7845 UserPurge1: 22    36401   41.60%
      0     0       37.9232   609       26.7845 UserPurge1: 20    36537   41.59%
      0     0       37.9208   554       26.7845 UserPurge1: 20    36668   41.58%
      0     0       37.9161   609       26.7845 UserPurge1: 20    36850   41.56%
      0     0       37.9141   663       26.7845 UserPurge1: 20    36964   41.55%
      0     0       37.9118   651       26.7845 UserPurge1: 18    37079   41.54%
      0     0       37.9101   596       26.7845 UserPurge1: 18    37168   41.54%
      0     0       37.9062   639       26.7845 UserPurge1: 24    37335   41.52%
      0     0       37.9002   640       26.7845 UserPurge1: 25    37561   41.50%
      0     0       37.8930   624       26.7845 UserPurge1: 18    37731   41.47%
      0     0       37.8775   568       26.7845 UserPurge1: 20    37981   41.42%
      0     0       37.8688   622       26.7845 UserPurge1: 20    38126   41.38%
      0     0       37.8562   636       26.7845 UserPurge1: 20    38273   41.34%
      0     0       37.8510   574       26.7845 UserPurge1: 22    38396   41.32%
      0     0       37.8479   614       26.7845 UserPurge1: 24    38504   41.30%
      0     0       37.8410   615       26.7845 UserPurge1: 26    38666   41.28%
      0     0       37.8333   682       26.7845 UserPurge1: 22    38818   41.25%
      0     0       37.8199   615       26.7845 UserPurge1: 22    39073   41.20%
      0     0       37.8115   573       26.7845 UserPurge1: 20    39260   41.17%
      0     0       37.8013   566       26.7845 UserPurge1: 20    39562   41.13%
      0     0       37.7950   536       26.7845 UserPurge1: 20    39709   41.11%
      0     0       37.7893   609       26.7845 UserPurge1: 20    39880   41.09%
      0     0       37.7849   656       26.7845 UserPurge1: 20    40068   41.07%
      0     0       37.7779   573       26.7845 UserPurge1: 18    40222   41.04%
      0     0       37.7746   712       26.7845 UserPurge1: 26    40351   41.03%
      0     0       37.7712   651       26.7845 UserPurge1: 20    40496   41.02%
      0     0       37.7677   692       26.7845 UserPurge1: 20    40683   41.01%
      0     0       37.7628   644       26.7845 UserPurge1: 20    40919   40.99%
      0     0       37.7529   626       26.7845 UserPurge1: 18    41139   40.95%
      0     0       37.7407   560       26.7845 UserPurge1: 20    41392   40.90%
      0     0       37.7323   670       26.7845 UserPurge1: 26    41658   40.87%
      0     0       37.7242   670       26.7845 UserPurge1: 20    41904   40.84%
      0     0       37.7178   718       26.7845 UserPurge1: 20    42158   40.82%
      0     0       37.7133   626       26.7845 UserPurge1: 30    42337   40.80%
      0     0       37.7083   688       26.7845 UserPurge1: 20    42488   40.78%
      0     0       37.7044   560       26.7845 UserPurge1: 20    42601   40.77%
      0     0       37.6970   688       26.7845 UserPurge1: 20    42789   40.74%
      0     0       37.6917   578       26.7845 UserPurge1: 20    42946   40.72%
      0     0       37.6850   638       26.7845 UserPurge1: 22    43081   40.70%
      0     0       37.6777   658       26.7845 UserPurge1: 18    43365   40.67%
      0     0       37.6691   632       26.7845 UserPurge1: 18    43603   40.64%
      0     0       37.6604   659       26.7845 UserPurge1: 20    43783   40.61%
      0     0       37.6472   677       26.7845 UserPurge1: 20    44016   40.56%
      0     0       37.6421   629       26.7845 UserPurge1: 20    44212   40.54%
      0     0       37.6313   608       26.7845 UserPurge1: 20    44429   40.50%
      0     0       37.6231   693       26.7845 UserPurge1: 22    44602   40.47%
      0     0       37.6143   717       26.7845 UserPurge1: 18    44805   40.43%
      0     0       37.6070   658       26.7845 UserPurge1: 18    45004   40.41%
      0     0       37.6007   626       26.7845 UserPurge1: 18    45173   40.38%
      0     0       37.5970   656       26.7845 UserPurge1: 20    45327   40.37%
      0     0       37.5954   663       26.7845 UserPurge1: 20    45437   40.36%
      0     0       37.5868   647       26.7845 UserPurge1: 18    45653   40.33%
      0     0       37.5806   688       26.7845 UserPurge1: 26    45859   40.31%
      0     0       37.5709   640       26.7845 UserPurge1: 20    46111   40.27%
      0     0       37.5650   664       26.7845 UserPurge1: 22    46242   40.25%
      0     0       37.5621   634       26.7845 UserPurge1: 20    46391   40.24%
      0     0       37.5595   602       26.7845 UserPurge1: 22    46523   40.23%
      0     0       37.5535   620       26.7845 UserPurge1: 18    46710   40.21%
      0     0       37.5479   669       26.7845 UserPurge1: 22    46924   40.18%
      0     0       37.5439   681       26.7845 UserPurge1: 18    47101   40.17%
      0     0       37.5409   644       26.7845 UserPurge1: 20    47299   40.16%
      0     0       37.5382   675       26.7845 UserPurge1: 18    47443   40.15%
      0     0       37.5347   674       26.7845 UserPurge1: 18    47666   40.14%
      0     0       37.5331   734       26.7845 UserPurge1: 20    47767   40.13%
      0     0       37.5313   704       26.7845 UserPurge1: 18    47976   40.12%
      0     0       37.5292   759       26.7845 UserPurge1: 20    48095   40.12%
      0     0       37.5269   705       26.7845 UserPurge1: 20    48284   40.11%
      0     0       37.5230   717       26.7845 UserPurge1: 22    48506   40.09%
      0     0       37.5200   746       26.7845 UserPurge1: 22    48713   40.08%
      0     0       37.5144   692       26.7845 UserPurge1: 20    48947   40.06%
      0     0       37.5021   621       26.7845 UserPurge1: 20    49169   40.01%
      0     0       37.4886   699       26.7845 UserPurge1: 24    49387   39.96%
      0     0       37.4789   627       26.7845 UserPurge1: 18    49603   39.93%
      0     0       37.4669   669       26.7845 UserPurge1: 20    49826   39.88%
      0     0       37.4553   633       26.7845 UserPurge1: 22    49994   39.84%
      0     0       37.4460   668       26.7845 UserPurge1: 20    50175   39.80%
      0     0       37.4367   681       26.7845 UserPurge1: 20    50343   39.77%
      0     0       37.4287   696       26.7845 UserPurge1: 25    50528   39.74%
      0     0       37.4247   726       26.7845 UserPurge1: 18    50631   39.72%
      0     0       37.4197   708       26.7845 UserPurge1: 22    50783   39.71%
      0     0       37.4165   646       26.7845 UserPurge1: 19    50932   39.69%
      0     0       37.4142   692       26.7845 UserPurge1: 19    51059   39.69%
      0     0       37.4117   688       26.7845 UserPurge1: 20    51230   39.68%
      0     0       37.4082   694       26.7845 UserPurge1: 20    51401   39.66%
      0     0       37.4060   718       26.7845 UserPurge1: 20    51561   39.66%
      0     0       37.3989   724       26.7845 UserPurge1: 19    51746   39.63%
      0     0       37.3898   703       26.7845 UserPurge1: 16    51957   39.59%
      0     0       37.3796   725       26.7845 UserPurge1: 16    52211   39.56%
      0     0       37.3722   719       26.7845 UserPurge1: 14    52492   39.53%
      0     0       37.3672   767       26.7845 UserPurge1: 14    52629   39.51%
      0     0       37.3594   720       26.7845 UserPurge1: 14    52895   39.48%
      0     0       37.3506   702       26.7845 UserPurge1: 14    53137   39.45%
      0     0       37.3465   670       26.7845 UserPurge1: 14    53324   39.43%
      0     0       37.3426   712       26.7845 UserPurge1: 14    53483   39.42%
      0     0       37.3391   756       26.7845 UserPurge1: 14    53669   39.41%
      0     0       37.3336   697       26.7845 UserPurge1: 16    53855   39.38%
      0     0       37.3296   647       26.7845 UserPurge1: 14    54002   39.37%
      0     0       37.3271   700       26.7845 UserPurge1: 14    54120   39.36%
      0     0       37.3236   712       26.7845 UserPurge1: 14    54298   39.35%
      0     0       37.3223   774       26.7845 UserPurge1: 14    54397   39.34%
      0     0       37.3209   700       26.7845 UserPurge1: 14    54536   39.34%
      0     0       37.3200   748       26.7845 UserPurge1: 14    54616   39.33%
      0     0       37.3190   713       26.7845 UserPurge1: 16    54779   39.33%
      0     0       37.3159   727       26.7845 UserPurge1: 14    54977   39.32%
      0     0       37.3067   714       26.7845 UserPurge1: 14    55326   39.28%
      0     0       37.2943   766       26.7845 UserPurge1: 22    55663   39.24%
      0     0       37.2868   820       26.7845 UserPurge1: 26    55879   39.21%
      0     0       37.2789   718       26.7845 UserPurge1: 14    56094   39.18%
      0     0       37.2709   670       26.7845 UserPurge1: 14    56376   39.15%
      0     0       37.2638   760       26.7845 UserPurge1: 14    56602   39.12%
      0     0       37.2583   676       26.7845 UserPurge1: 14    56795   39.10%
      0     0       37.2532   731       26.7845 UserPurge1: 14    57038   39.08%
      0     0       37.2502   701       26.7845 UserPurge1: 23    57201   39.07%
      0     0       37.2477   725       26.7845 UserPurge1: 14    57348   39.06%
      0     0       37.2458   683       26.7845 UserPurge1: 14    57507   39.06%
      0     0       37.2436   754       26.7845 UserPurge1: 28    57713   39.05%
      0     0       37.2427   760       26.7845 UserPurge1: 14    57822   39.05%
      0     0       37.2404   822       26.7845 UserPurge1: 16    58002   39.04%
      0     0       37.2335   724       26.7845 UserPurge1: 14    58324   39.01%
      0     0       37.2304   790       26.7845 UserPurge1: 14    58512   39.00%
      0     0       37.2254   784       26.7845 UserPurge1: 14    58803   38.98%
      0     0       37.2196   706       26.7845 UserPurge1: 14    59073   38.96%
      0     0       37.2151   748       26.7845 UserPurge1: 14    59247   38.94%
      0     0       37.2117   670       26.7845 UserPurge1: 14    59450   38.93%
      0     0       37.2092   748       26.7845 UserPurge1: 14    59576   38.92%
      0     0       37.2057   682       26.7845 UserPurge1: 14    59869   38.91%
      0     0       37.2024   744       26.7845 UserPurge1: 14    60112   38.90%
      0     0       37.1985   877       26.7845 UserPurge1: 14    60390   38.88%
      0     0       37.1964   677       26.7845 UserPurge1: 15    60605   38.87%
      0     0       37.1944   803       26.7845 UserPurge1: 14    60864   38.87%
      0     0       37.1903   870       26.7845 UserPurge1: 14    61155   38.85%
      0     0       37.1863   694       26.7845 UserPurge1: 14    61431   38.83%
      0     0       37.1832   737       26.7845 UserPurge1: 16    61646   38.82%
      0     0       37.1791   706       26.7845 UserPurge1: 14    61873   38.81%
      0     0       37.1760   823       26.7845 UserPurge1: 21    62069   38.80%
      0     0       37.1711   767       26.7845 UserPurge1: 17    62282   38.78%
      0     0       37.1669   796       26.7845 UserPurge1: 14    62568   38.76%
      0     0       37.1637   820       26.7845 UserPurge1: 14    62798   38.75%
      0     0       37.1617   773       26.7845 UserPurge1: 14    62979   38.74%
      0     0       37.1587   803       26.7845 UserPurge1: 14    63267   38.73%
      0     0       37.1573   736       26.7845 UserPurge1: 18    63432   38.73%
      0     0       37.1551   846       26.7845 UserPurge1: 14    63692   38.72%
      0     0       37.1532   767       26.7845 UserPurge1: 16    63861   38.71%
      0     0       37.1460   745       26.7845 UserPurge1: 14    64120   38.68%
      0     0       37.1419   751       26.7845 UserPurge1: 16    64256   38.67%
      0     0       37.1382   700       26.7845 UserPurge1: 14    64492   38.66%
      0     0       37.1353   740       26.7845 UserPurge1: 14    64647   38.64%
      0     0       37.1301   640       26.7845 UserPurge1: 10    64838   38.63%
      0     0       37.1259   694       26.7845 UserPurge1: 12    65000   38.61%
      0     0       37.1225   664       26.7845 UserPurge1: 14    65106   38.60%
      0     0       37.1202   640       26.7845 UserPurge1: 14    65203   38.59%
      0     0       37.1155   713       26.7845 UserPurge1: 14    65394   38.57%
      0     0       37.1124   628       26.7845 UserPurge1: 16    65564   38.56%
      0     0       37.1096   719       26.7845 UserPurge1: 12    65712   38.55%
      0     0       37.1075   749       26.7845 UserPurge1: 14    65840   38.54%
      0     0       37.1042   701       26.7845 UserPurge1: 14    66015   38.53%
      0     0       37.1016   671       26.7845 UserPurge1: 14    66162   38.52%
      0     0       37.0988   695       26.7845 UserPurge1: 14    66341   38.51%
      0     0       37.0977   681       26.7845 UserPurge1: 14    66445   38.50%
      0     0       37.0965   689       26.7845 UserPurge1: 10    66577   38.50%
      0     0       37.0952   731       26.7845 UserPurge1: 14    66700   38.49%
      0     0       37.0943   694       26.7845 UserPurge1: 14    66815   38.49%
      0     0       37.0934   754       26.7845 UserPurge1: 20    66913   38.49%
      0     0       37.0917   683       26.7845 UserPurge1: 12    67085   38.48%
      0     0       37.0903   724       26.7845 UserPurge1: 14    67206   38.48%
      0     0       37.0866   784       26.7845 UserPurge1: 14    67496   38.46%
      0     0       37.0840   737       26.7845 UserPurge1: 12    67685   38.45%
      0     0       37.0818   754       26.7845 UserPurge1: 17    67814   38.44%
      0     0       37.0796   701       26.7845 UserPurge1: 14    68007   38.44%
      0     0       37.0779   712       26.7845 UserPurge1: 12    68164   38.43%
      0     0       37.0759   730       26.7845 UserPurge1: 12    68376   38.42%
      0     0       37.0729   797       26.7845 UserPurge1: 16    68566   38.41%
      0     0       37.0708   791       26.7845 UserPurge1: 17    68774   38.40%
      0     0       37.0678   749       26.7845 UserPurge1: 13    68942   38.39%
      0     0       37.0621   766       26.7845 UserPurge1: 24    69206   38.37%
      0     0       37.0558   706       26.7845 UserPurge1: 14    69419   38.35%
      0     0       37.0471   736       26.7845 UserPurge1: 14    69754   38.32%
      0     0       37.0420   675       26.7845 UserPurge1: 14    69982   38.30%
      0     0       37.0384   675       26.7845 UserPurge1: 14    70159   38.28%
      0     0       37.0354   674       26.7845 UserPurge1: 10    70330   38.27%
      0     0       37.0339   723       26.7845 UserPurge1: 8    70495   38.27%
      0     0       37.0323   687       26.7845 UserPurge1: 12    70642   38.26%
      0     0       37.0306   752       26.7845 UserPurge1: 10    70860   38.25%
      0     0       37.0294   753       26.7845 UserPurge1: 10    71001   38.25%
      0     0       37.0280   776       26.7845 UserPurge1: 10    71147   38.24%
      0     0       37.0265   740       26.7845 UserPurge1: 10    71343   38.24%
      0     0       37.0248   794       26.7845 UserPurge1: 8    71544   38.23%
      0     0       37.0235   794       26.7845 UserPurge1: 8    71727   38.23%
      0     0       37.0220   741       26.7845 UserPurge1: 8    71864   38.22%
      0     0       37.0199   765       26.7845 UserPurge1: 14    72036   38.21%
      0     0       37.0187   754       26.7845 UserPurge1: 10    72220   38.21%
      0     0       37.0173   735       26.7845 UserPurge1: 10    72373   38.20%
      0     0       37.0154   808       26.7845 UserPurge1: 12    72521   38.20%
      0     0       37.0126   783       26.7845 UserPurge1: 8    72764   38.19%
      0     0       37.0106   626       26.7845 UserPurge1: 10    72918   38.18%
      0     0       37.0094   753       26.7845 UserPurge1: 26    73061   38.17%
      0     0       37.0068   712       26.7845 UserPurge1: 10    73281   38.16%
      0     0       37.0021   825       26.7845 UserPurge1: 8    73529   38.15%
      0     0       36.9981   698       26.7845 UserPurge1: 17    73770   38.13%
      0     0       36.9948   626       26.7845 UserPurge1: 10    73968   38.12%
      0     0       36.9919   759       26.7845 UserPurge1: 12    74149   38.11%
      0     0       36.9891   771       26.7845 UserPurge1: 18    74347   38.10%
      0     0       36.9867   813       26.7845 UserPurge1: 12    74538   38.09%
      0     0       36.9838   711       26.7845 UserPurge1: 12    74708   38.08%
      0     0       36.9826   729       26.7845 UserPurge1: 10    74884   38.07%
      0     0       36.9804   662       26.7845 UserPurge1: 14    75034   38.07%
      0     0       36.9783   735       26.7845 UserPurge1: 10    75234   38.06%
      0     0       36.9768   783       26.7845 UserPurge1: 10    75396   38.05%
      0     0       36.9755   723       26.7845 UserPurge1: 10    75512   38.05%
      0     0       36.9742   764       26.7845 UserPurge1: 10    75694   38.04%
      0     0       36.9724   704       26.7845 UserPurge1: 10    75876   38.04%
      0     0       36.9711   771       26.7845 UserPurge1: 10    76017   38.03%
      0     0       36.9706   771       26.7845 UserPurge1: 12    76149   38.03%
      0     0       36.9690   807       26.7845 UserPurge1: 10    76341   38.02%
      0     0       36.9670   764       26.7845 UserPurge1: 12    76455   38.02%
      0     0       36.9644   765       26.7845 UserPurge1: 10    76613   38.01%
      0     0       36.9613   783       26.7845 UserPurge1: 14    76840   38.00%
      0     0       36.9594   783       26.7845 UserPurge1: 10    77074   37.99%
      0     0       36.9567   765       26.7845 UserPurge1: 14    77238   37.98%
      0     0       36.9543   747       26.7845 UserPurge1: 10    77425   37.97%
      0     0       36.9518   777       26.7845 UserPurge1: 10    77625   37.96%
      0     0       36.9489   777       26.7845 UserPurge1: 10    77841   37.95%
      0     0       36.9466   824       26.7845 UserPurge1: 12    78040   37.94%
      0     0       36.9442   800       26.7845 UserPurge1: 8    78234   37.93%
      0     0       36.9418   728       26.7845 UserPurge1: 8    78479   37.92%
      0     0       36.9386   879       26.7845 UserPurge1: 8    78704   37.91%
      0     0       36.9363   800       26.7845 UserPurge1: 12    78938   37.90%
      0     0       36.9346   824       26.7845 UserPurge1: 10    79142   37.90%
      0     0       36.9337   777       26.7845 UserPurge1: 8    79380   37.89%
      0     0       36.9330   849       26.7845 UserPurge1: 15    79567   37.89%
      0     0       36.9321   830       26.7845 UserPurge1: 10    79809   37.89%
      0     0       36.9308   765       26.7845 UserPurge1: 8    80059   37.88%
      0     0       36.9294   746       26.7845 UserPurge1: 10    80254   37.88%
      0     0       36.9278   806       26.7845 UserPurge1: 10    80476   37.87%
      0     0       36.9259   746       26.7845 UserPurge1: 8    80712   37.86%
      0     0       36.9233   746       26.7845 UserPurge1: 12    80910   37.85%
      0     0       36.9218   746       26.7845 UserPurge1: 11    81085   37.85%
      0     0       36.9198   772       26.7845 UserPurge1: 8    81263   37.84%
      0     0       36.9183   740       26.7845 UserPurge1: 10    81443   37.83%
      0     0       36.9171   794       26.7845 UserPurge1: 8    81622   37.83%
      0     0       36.9158   764       26.7845 UserPurge1: 10    81885   37.82%
      0     0       36.9146   754       26.7845 UserPurge1: 10    82045   37.82%
      0     0       36.9123   766       26.7845 UserPurge1: 8    82278   37.81%
      0     0       36.9095   873       26.7845 UserPurge1: 8    82544   37.80%
      0     0       36.9066   722       26.7845 UserPurge1: 10    82755   37.79%
      0     0       36.9037   857       26.7845 UserPurge1: 8    83027   37.78%
      0     0       36.9017   680       26.7845 UserPurge1: 13    83246   37.77%
      0     0       36.9008   779       26.7845 UserPurge1: 8    83399   37.77%
      0     0       36.8992   848       26.7845 UserPurge1: 12    83710   37.76%
      0     0       36.8981   849       26.7845 UserPurge1: 10    83961   37.76%
      0     0       36.8967   893       26.7845 UserPurge1: 10    84252   37.75%
      0     0       36.8952   740       26.7845 UserPurge1: 8    84427   37.75%
      0     0       36.8945   765       26.7845 UserPurge1: 8    84592   37.75%
      0     0       36.8935   749       26.7845 UserPurge1: 10    84770   37.74%
      0     0       36.8929   722       26.7845 UserPurge1: 8    84970   37.74%
      0     0       36.8918   752       26.7845 UserPurge1: 10    85242   37.74%
      0     0       36.8902   826       26.7845 UserPurge1: 8    85470   37.73%
      0     0       36.8876   728       26.7845 UserPurge1: 8    85771   37.72%
      0     0       36.8851   832       26.7845 UserPurge1: 8    86001   37.71%
      0     0       36.8832   812       26.7845 UserPurge1: 8    86252   37.70%
      0     0       36.8813   812       26.7845 UserPurge1: 8    86486   37.70%
      0     0       36.8792   883       26.7845 UserPurge1: 8    86734   37.69%
      0     0       36.8774   871       26.7845 UserPurge1: 10    86949   37.68%
      0     0       36.8761   772       26.7845 UserPurge1: 15    87185   37.68%
      0     0       36.8745   881       26.7845 UserPurge1: 18    87485   37.67%
      0     0       36.8721   819       26.7845 UserPurge1: 13    87676   37.66%
      0     0       36.8696   845       26.7845 UserPurge1: 12    87944   37.65%
      0     0       36.8667   836       26.7845 UserPurge1: 10    88257   37.64%
      0     0       36.8651   799       26.7845 UserPurge1: 15    88466   37.64%
      0     0       36.8615   782       26.7845 UserPurge1: 8    88796   37.62%
      0     0       36.8595   781       26.7845 UserPurge1: 10    88996   37.61%
      0     0       36.8571   784       26.7845 UserPurge1: 8    89233   37.61%
      0     0       36.8555   822       26.7845 UserPurge1: 8    89402   37.60%
      0     0       36.8531   828       26.7845 UserPurge1: 10    89639   37.59%
      0     0       36.8513   746       26.7845 UserPurge1: 10    89901   37.58%
      0     0       36.8500   806       26.7845 UserPurge1: 12    90081   37.58%
      0     0       36.8463   860       26.7845 UserPurge1: 10    90380   37.57%
      0     0       36.8443   819       26.7845 UserPurge1: 10    90576   37.56%
      0     0       36.8425   838       26.7845 UserPurge1: 12    90791   37.55%
      0     0       36.8404   842       26.7845 UserPurge1: 8    91075   37.54%
      0     0       36.8377   812       26.7845 UserPurge1: 10    91416   37.53%
      0     0       36.8346   842       26.7845 UserPurge1: 8    91699   37.52%
      0     0       36.8324   831       26.7845 UserPurge1: 10    91964   37.51%
      0     0       36.8295   794       26.7845 UserPurge1: 14    92198   37.50%
      0     0       36.8265   837       26.7845 UserPurge1: 10    92491   37.49%
      0     0       36.8240   789       26.7845 UserPurge1: 20    92760   37.48%
      0     0       36.8229   873       26.7845 UserPurge1: 10    93016   37.48%
      0     0       36.8215   896       26.7845 UserPurge1: 12    93189   37.47%
      0     0       36.8200   777       26.7845 UserPurge1: 10    93443   37.47%
      0     0       36.8187   932       26.7845 UserPurge1: 10    93640   37.46%
      0     0       36.8171   927       26.7845 UserPurge1: 12    93911   37.46%
      0     0       36.8161   848       26.7845 UserPurge1: 10    94158   37.45%
      0     0       36.8144   923       26.7845 UserPurge1: 8    94474   37.45%
      0     0       36.8130   923       26.7845 UserPurge1: 18    94752   37.44%
      0     0       36.8102   842       26.7845 UserPurge1: 12    94972   37.43%
      0     0       36.8074   874       26.7845 UserPurge1: 8    95308   37.42%
      0     0       36.8049   894       26.7845 UserPurge1: 8    95619   37.41%
      0     0       36.8020   809       26.7845 UserPurge1: 10    95978   37.40%
      0     0       36.8004   906       26.7845 UserPurge1: 11    96194   37.39%
      0     0       36.7981   867       26.7845 UserPurge1: 13    96494   37.39%
      0     0       36.7959   807       26.7845 UserPurge1: 12    96759   37.38%
      0     0       36.7939   876       26.7845 UserPurge1: 10    97082   37.37%
      0     0       36.7929   851       26.7845 UserPurge1: 12    97276   37.37%
      0     0       36.7911   872       26.7845 UserPurge1: 8    97498   37.36%
      0     0       36.7896   920       26.7845 UserPurge1: 8    97785   37.35%
      0     0       36.7876   896       26.7845 UserPurge1: 20    98113   37.35%
      0     0       36.7860   869       26.7845 UserPurge1: 8    98483   37.34%
      0     0       36.7844   797       26.7845 UserPurge1: 15    98683   37.33%
      0     0       36.7820   824       26.7845 UserPurge1: 13    98914   37.33%
      0     0       36.7793   753       26.7845 UserPurge1: 10    99253   37.32%
      0     0       36.7781   852       26.7845 UserPurge1: 10    99498   37.31%
      0     0       36.7772   884       26.7845 UserPurge1: 12    99681   37.31%
      0     0       36.7766   888       26.7845 UserPurge1: 10    99905   37.31%
      0     0       36.7759   843       26.7845 UserPurge1: 10   100122   37.30%
      0     0       36.7754   861       26.7845 UserPurge1: 10   100312   37.30%
      0     0       36.7747   891       26.7845 UserPurge1: 10   100508   37.30%
      0     0       36.7736   795       26.7845 UserPurge1: 10   100751   37.29%
      0     0       36.7729   921       26.7845 UserPurge1: 13   100923   37.29%
      0     0       36.7716   849       26.7845 UserPurge1: 10   101215   37.29%
      0     0       36.7703   903       26.7845 UserPurge1: 12   101514   37.28%
      0     0       36.7690   884       26.7845 UserPurge1: 10   101719   37.28%
      0     0       36.7683   860       26.7845 UserPurge1: 11   101921   37.27%
      0     0       36.7676   873       26.7845 UserPurge1: 10   102123   37.27%
      0     0       36.7667   807       26.7845 UserPurge1: 13   102413   37.27%
      0     0       36.7661   866       26.7845 UserPurge1: 10   102651   37.27%
      0     0       36.7645   876       26.7845 UserPurge1: 8   102901   37.26%
      0     0       36.7630   852       26.7845 UserPurge1: 10   103136   37.25%
      0     0       36.7618   897       26.7845 UserPurge1: 11   103420   37.25%
      0     0       36.7606   828       26.7845 UserPurge1: 13   103675   37.25%
      0     0       36.7595   787       26.7845 UserPurge1: 8   103852   37.24%
      0     0       36.7590   817       26.7845 UserPurge1: 12   104080   37.24%
      0     0       36.7584   837       26.7845 UserPurge1: 15   104277   37.24%
      0     0       36.7577   897       26.7845 UserPurge1: 10   104539   37.23%
      0     0       36.7566   853       26.7845 UserPurge1: 10   104870   37.23%
      0     0       36.7550   903       26.7845 UserPurge1: 10   105184   37.22%
      0     0       36.7541   830       26.7845 UserPurge1: 10   105369   37.22%
      0     0       36.7534   782       26.7845 UserPurge1: 8   105517   37.22%
      0     0       36.7525   884       26.7845 UserPurge1: 8   105773   37.22%
      0     0       36.7516   843       26.7845 UserPurge1: 11   106106   37.21%
      0     0       36.7507   890       26.7845 UserPurge1: 10   106357   37.21%
      0     0       36.7490   887       26.7845 UserPurge1: 13   106633   37.20%
      0     0       36.7479   884       26.7845 UserPurge1: 10   106856   37.20%
      0     0       36.7466   920       26.7845 UserPurge1: 15   107109   37.19%
      0     0       36.7448   848       26.7845 UserPurge1: 8   107373   37.19%
      0     0       36.7432   873       26.7845 UserPurge1: 8   107678   37.18%
      0     0       36.7420   807       26.7845 UserPurge1: 10   107931   37.18%
      0     0       36.7404   849       26.7845 UserPurge1: 10   108176   37.17%
      0     0       36.7384   812       26.7845 UserPurge1: 10   108414   37.16%
      0     0       36.7376   849       26.7845 UserPurge1: 8   108597   37.16%
      0     0       36.7363   933       26.7845 UserPurge1: 10   108828   37.16%
      0     0       36.7349   878       26.7845 UserPurge1: 10   109057   37.15%
      0     0       36.7335   920       26.7845 UserPurge1: 8   109283   37.14%
      0     0       36.7313   890       26.7845 UserPurge1: 8   109726   37.14%
      0     0       36.7293   927       26.7845 UserPurge1: 12   110143   37.13%
      0     0       36.7277   878       26.7845 UserPurge1: 14   110502   37.12%
      0     0       36.7256   897       26.7845 UserPurge1: 8   110816   37.11%
      0     0       36.7242   891       26.7845 UserPurge1: 14   111046   37.11%
      0     0       36.7233   855       26.7845 UserPurge1: 12   111309   37.11%
      0     0       36.7225   891       26.7845 UserPurge1: 10   111492   37.10%
      0     0       36.7213   927       26.7845 UserPurge1: 12   111721   37.10%
      0     0       36.7188   891       26.7845 UserPurge1: 12   112100   37.09%
      0     0       36.7164   892       26.7845 UserPurge1: 10   112330   37.08%
      0     0       36.7142   892       26.7845 UserPurge1: 8   112689   37.07%
      0     0       36.7125   891       26.7845 UserPurge1: 10   112988   37.07%
      0     0       36.7106   904       26.7845 UserPurge1: 10   113264   37.06%
      0     0       36.7093   916       26.7845 UserPurge1: 10   113581   37.05%
      0     0       36.7082   861       26.7845 UserPurge1: 8   113963   37.05%
      0     0       36.7068   921       26.7845 UserPurge1: 13   114208   37.04%
      0     0       36.7052   896       26.7845 UserPurge1: 10   114594   37.04%
      0     0       36.7046   891       26.7845 UserPurge1: 14   114784   37.04%
      0     0       36.7033   824       26.7845 UserPurge1: 12   115124   37.03%
      0     0       36.7023   860       26.7845 UserPurge1: 8   115325   37.03%
      0     0       36.7009   830       26.7845 UserPurge1: 8   115632   37.02%
      0     0       36.6993   848       26.7845 UserPurge1: 10   115943   37.02%
      0     0       36.6967   800       26.7845 UserPurge1: 8   116369   37.01%
      0     0       36.6950   879       26.7845 UserPurge1: 10   116644   37.00%
      0     0       36.6941   851       26.7845 UserPurge1: 10   116886   37.00%
      0     0       36.6930   917       26.7845 UserPurge1: 14   117174   36.99%
      0     0       36.6919   893       26.7845 UserPurge1: 16   117405   36.99%
      0     0       36.6902   880       26.7845 UserPurge1: 16   117721   36.98%
      0     0       36.6887   863       26.7845 UserPurge1: 8   117985   36.98%
      0     0       36.6873   860       26.7845 UserPurge1: 10   118302   36.97%
      0     0       36.6864   886       26.7845 UserPurge1: 10   118559   36.97%
      0     0       36.6850   862       26.7845 UserPurge1: 8   118851   36.96%
      0     0       36.6841   956       26.7845 UserPurge1: 8   119216   36.96%
      0     0       36.6833   999       26.7845 UserPurge1: 10   119447   36.96%
      0     0       36.6825   957       26.7845 UserPurge1: 10   119722   36.95%
      0     0       36.6815   909       26.7845 UserPurge1: 10   120067   36.95%
      0     0       36.6811   927       26.7845 UserPurge1: 12   120268   36.95%
      0     0       36.6806  1011       26.7845 UserPurge1: 12   120526   36.95%
      0     0       36.6793   921       26.7845 UserPurge1: 12   120934   36.94%
      0     0       36.6773   897       26.7845 UserPurge1: 16   121392   36.93%
      0     0       36.6747   915       26.7845 UserPurge1: 10   121856   36.93%
      0     0       36.6721   842       26.7845 UserPurge1: 12   122314   36.91%
      0     0       36.6703   896       26.7845 UserPurge1: 8   122655   36.91%
      0     0       36.6690   836       26.7845 UserPurge1: 10   122982   36.90%
      0     0       36.6672   921       26.7845 UserPurge1: 8   123379   36.90%
      0     0       36.6649   879       26.7845 UserPurge1: 10   123689   36.89%
      0     0       36.6623   917       26.7845 UserPurge1: 10   123982   36.88%
      0     0       36.6609   820       26.7845 UserPurge1: 10   124203   36.87%
      0     0       36.6593   824       26.7845 UserPurge1: 8   124545   36.87%
      0     0       36.6584   964       26.7845 UserPurge1: 8   124888   36.86%
      0     0       36.6575   976       26.7845 UserPurge1: 8   125166   36.86%
      0     0       36.6562   935       26.7845 UserPurge1: 12   125492   36.86%
      0     0       36.6552   752       26.7845 UserPurge1: 12   125818   36.85%
      0     0       36.6540   923       26.7845 UserPurge1: 8   126116   36.85%
      0     0       36.6527   832       26.7845 UserPurge1: 10   126444   36.84%
      0     0       36.6515   915       26.7845 UserPurge1: 10   126766   36.84%
      0     0       36.6498   861       26.7845 UserPurge1: 10   127056   36.83%
      0     0       36.6480   866       26.7845 UserPurge1: 13   127300   36.83%
      0     0       36.6456   818       26.7845 UserPurge1: 8   127674   36.82%
      0     0       36.6436   878       26.7845 UserPurge1: 12   127964   36.81%
      0     0       36.6417   826       26.7845 UserPurge1: 8   128264   36.80%
      0     0       36.6406   904       26.7845 UserPurge1: 8   128518   36.80%
      0     0       36.6399   850       26.7845 UserPurge1: 8   128719   36.79%
      0     0       36.6395   788       26.7845 UserPurge1: 14   128932   36.79%
      0     0       36.6390   914       26.7845 UserPurge1: 8   129227   36.79%
      0     0       36.6387   940       26.7845 UserPurge1: 11   129456   36.79%
      0     0       36.6380   866       26.7845 UserPurge1: 8   129707   36.79%
      0     0       36.6372   946       26.7845 UserPurge1: 10   130037   36.78%
      0     0       36.6363   914       26.7845 UserPurge1: 11   130308   36.78%
      0     0       36.6340   836       26.7845 UserPurge1: 8   130683   36.77%
      0     0       36.6333   902       26.7845 UserPurge1: 12   131018   36.77%
      0     0       36.6312   974       26.7845 UserPurge1: 8   131385   36.76%
      0     0       36.6302   836       26.7845 UserPurge1: 13   131661   36.76%
      0     0       36.6289   860       26.7845 UserPurge1: 12   131958   36.75%
      0     0       36.6286   910       26.7845 UserPurge1: 12   132116   36.75%
      0     0       36.6277   926       26.7845 UserPurge1: 8   132375   36.75%
      0     0       36.6273   818       26.7845 UserPurge1: 8   132604   36.75%
      0     0       36.6265   963       26.7845 UserPurge1: 8   132783   36.75%
      0     0       36.6260   824       26.7845 UserPurge1: 10   133002   36.74%
      0     0       36.6249   969       26.7845 UserPurge1: 8   133370   36.74%
      0     0       36.6237   826       26.7845 UserPurge1: 15   133673   36.73%
      0     0       36.6224   965       26.7845 UserPurge1: 8   134089   36.73%
      0     0       36.6219   935       26.7845 UserPurge1: 10   134361   36.73%
      0     0       36.6210   929       26.7845 UserPurge1: 10   134723   36.72%
      0     0       36.6203   947       26.7845 UserPurge1: 14   135027   36.72%
      0     0       36.6196   982       26.7845 UserPurge1: 10   135333   36.72%
      0     0       36.6177   938       26.7845 UserPurge1: 10   135768   36.71%
      0     0       36.6159  1018       26.7845 UserPurge1: 10   136163   36.71%
      0     0       36.6133   794       26.7845 UserPurge1: 10   136736   36.70%
      0     0       36.6108   962       26.7845 UserPurge1: 10   137201   36.69%
      0     0       36.6094   890       26.7845 UserPurge1: 8   137541   36.68%
      0     0       36.6079   953       26.7845 UserPurge1: 8   137741   36.68%
      0     0       36.6067   872       26.7845 UserPurge1: 8   137982   36.67%
      0     0       36.6058   902       26.7845 UserPurge1: 11   138297   36.67%
      0     0       36.6044   932       26.7845 UserPurge1: 10   138626   36.66%
      0     0       36.6029   876       26.7845 UserPurge1: 8   139003   36.66%
      0     0       36.6028   864       26.7845 UserPurge1: 6   139043   36.66%
      0     0       36.6028   870       26.7845 UserPurge1: 3   139075   36.66%
      0     2       36.6028   870       26.7845       36.6028   139075   36.66%                        0             0
Elapsed time = 2936.23 sec. (960202.76 ticks, tree = 0.00 MB, solutions = 1)
      1     3       36.5161   600       26.7845       36.5146   140276   36.33%y_ENSMUSP0000004 D      1      0      1
      2     4       35.7196   996       26.7845       36.5143   152256   36.33%x_ENSP0000032702 N      2      1      2
      3     3        cutoff             26.7845       35.7195   154793   33.36%x_ENSP0000032702 D      3      1      2
      4     4       35.7163   953       26.7845       35.7194   155188   33.36%x_ENSP0000036771 D      4      2      3
      5     5       35.7149   958       26.7845       35.7194   157118   33.36%x_ENSP0000026152 U      5      4      4
      6     6       35.2214   712       26.7845       35.7194   168691   33.36%x_ENSMUSP0000002 N      6      5      5
      7     7       35.2125   877       26.7845       35.7194   170613   33.36%y_ENSP0000030030 D      7      6      6
      8     8       35.2125   865       26.7845       35.7194   171726   33.36%x_ENSMUSP0000011 D      8      7      7
      9     9       35.2018   663       26.7845       35.7194   172554   33.36%x_ENSMUSP0000007 U      9      8      8
     10    10       34.4066   712       26.7845       35.7194   183719   33.36%x_ENSMUSP0000007 N     10      8      8
Elapsed time = 4579.02 sec. (1832627.24 ticks, tree = 1.93 MB, solutions = 1)
     11    11       35.1976   654       26.7845       35.7194   184032   33.36%mm_ENSMUSP000001 D     11      9      9
     12    12       35.1439   546       26.7845       35.7194   184731   33.36%x_ENSP0000000852 D     12     11     10
     13    13       33.5228   480       26.7845       35.7194   188557   33.36%x_ENSP0000000852 U     13     11     10
     14    14       35.1336   694       26.7845       35.7194   188851   33.36%x_ENSP0000023811 D     14     12     11
     15    13        cutoff             26.7845       35.7194   190249   33.36%x_ENSP0000023811 N     15     12     11
     16    14       31.8376   168       26.7845       35.7194   191768   33.36%x_ENSMUSP0000005 D     16     14     12
     17    13        cutoff             26.7845       35.7194   192600   33.36%x_ENSMUSP0000005 U     17     14     12
     18    14       31.7175   168       26.7845       35.7194   192936   33.36%x_ENSMUSP0000001 D     18     16     13
     19    15       28.5104   114       26.7845       35.7194   193611   33.36%x_ENSMUSP0000001 U     19     16     13
     20    16       31.6825   198       26.7845       35.7194   193715   33.36%x_ENSP0000025465 D     20     18     14
Elapsed time = 5199.59 sec. (2348294.39 ticks, tree = 2.08 MB, solutions = 1)
     21    15        cutoff             26.7845       35.7194   194017   33.36%x_ENSP0000025465 U     21     18     14
     24    14       24.1173   514       26.7845       35.7194   202255   33.36%mm_ENSMUSP000001 N     24     22     16
     25    13        cutoff             26.7845       35.7194   202553   33.36%mm_ENSMUSP000001 U     25     22     16
     26    14       27.1065    54       26.7845       35.7162   204240   33.35%x_ENSP0000036771 U     26      2      3
     28    14        cutoff             26.7845       35.7162   204364   33.35%x_ENSP0000000852 D     28     27      5
     30    13       34.8231   801       26.7845       35.7140   207786   33.34%x_ENSP0000026152 D     30      4      4
     31    14       34.5846   711       26.7845       35.7140   209556   33.34%z_ENSMUSP0000004 D     31     30      5
     32    15       34.5842   718       26.7845       35.7140   209622   33.34%x_ENSMUSP0000005 D     32     31      6
     33    16       34.5171   700       26.7845       35.7140   210669   33.34%x_ENSMUSP0000011 D     33     32      7
     34    17       32.9023   807       26.7845       35.7140   225545   33.34%x_ENSMUSP0000002 N     34     33      8
Elapsed time = 6235.35 sec. (3012398.51 ticks, tree = 0.48 MB, solutions = 1)
     35    18       32.9022   801       26.7845       35.7140   225588   33.34%x_ENSP0000025465 D     35     34      9
     36    19       32.8983   556       26.7845       35.7140   225880   33.34%y_ENSP0000030030 D     36     35     10
     37    20       32.8973   538       26.7845       35.7140   225962   33.34%x_ENSMUSP0000004 D     37     36     11
     38    21       32.8960   514       26.7845       35.7140   226131   33.34%x_ENSMUSP0000001 D     38     37     12
     39    22       32.8956   466       26.7845       35.7140   226167   33.34%x_ENSMUSP0000004 D     39     38     13
     40    23       32.8956   514       26.7845       35.7140   226185   33.34%mm_ENSP000003654 D     40     39     14
     41    24       32.8929   757       26.7845       35.7140   226438   33.34%x_ENSMUSP0000002 D     41     40     15
     42    25       32.4031   791       26.7845       35.7140   236486   33.34%x_ENSMUSP0000004 N     42     41     16
     43    26       32.3996   797       26.7845       35.7140   236775   33.34%mm_ENSMUSP000001 D     43     42     17
     44    27       32.3981   809       26.7845       35.7140   236952   33.34%x_ENSP0000023811 D     44     43     18
Elapsed time = 7090.63 sec. (3765596.47 ticks, tree = 0.80 MB, solutions = 1)
     45    28       32.3958   706       26.7845       35.7140   237263   33.34%x_ENSMUSP0000000 D     45     44     19
     46    29       32.3939   676       26.7845       35.7140   237430   33.34%x_ENSP0000035226 D     46     45     20
     47    30       32.3903   646       26.7845       35.7140   237610   33.34%x_ENSP0000031342 D     47     46     21
     49    32       32.3871   676       26.7845       35.7140   237864   33.34%x_ENSMUSP0000007 D     49     48     23
     50    33       32.3871   682       26.7845       35.7140   237882   33.34%x_ENSP0000022569 D     50     49     24
     51    34       31.8340   652       26.7845       35.7140   250470   33.34%x_ENSMUSP0000000 N     51     50     25
     52    35       31.8337   610       26.7845       35.7140   250513   33.34%x_ENSMUSP0000002 D     52     51     26
     53    36       31.8336   598       26.7845       35.7140   250540   33.34%x_ENSP0000034381 D     53     52     27
     54    37       31.8322   646       26.7845       35.7140   250716   33.34%x_ENSP0000036368 D     54     53     28
     55    38       31.4285   432       26.7845       35.7140   252496   33.34%z_ENSMUSP0000010 D     55     54     29
Elapsed time = 7642.26 sec. (4201695.00 ticks, tree = 1.15 MB, solutions = 1)
     56    39       31.4067   456       26.7845       35.7140   252770   33.34%x_ENSMUSP0000000 D     56     55     30
     57    40       31.4002   444       26.7845       35.7140   252967   33.34%x_ENSMUSP0000003 D     57     56     31
     58    41       31.3712   395       26.7845       35.7140   253389   33.34%x_ENSMUSP0000002 D     58     57     32
     59    42       31.3611   449       26.7845       35.7140   253718   33.34%y_ENSP0000035260 D     59     58     33
     60    43       30.9974   444       26.7845       35.7140   255142   33.34%y_ENSP0000034520 D     60     59     34
     61    43       29.0934   666       26.7845       35.7140   268840   33.34%x_ENSP0000036355 N     61     60     35
     62    44       29.0929   651       26.7845       35.7140   268975   33.34%y_ENSP0000034860 D     62     61     36
     63    45       29.0696   712       26.7845       35.7140   269361   33.34%y_ENSP0000024545 D     63     62     37
     64    46       29.0517   723       26.7845       35.7140   269707   33.34%y_ENSP0000035420 D     64     63     38
     65    47       29.0210   749       26.7845       35.7140   270421   33.34%y_ENSP0000035728 D     65     64     39
Elapsed time = 8278.72 sec. (4631939.07 ticks, tree = 1.44 MB, solutions = 1)
     66    48       29.0155   709       26.7845       35.7140   270674   33.34%x_ENSP0000031928 D     66     65     40
     68    50       28.2580   454       26.7845       35.7140   272254   33.34%mm_ENSMUSP000000 D     68     67     42
     69    51       28.2538   454       26.7845       35.7140   272409   33.34%x_ENSMUSP0000005 D     69     68     43
     71    53       28.2479   424       26.7845       35.7140   272578   33.34%x_ENSMUSP0000010 D     71     70     45
     72    52        cutoff             26.7845       35.7140   280633   33.34%x_ENSP0000035808 N     72     71     46
     74    50        cutoff             26.7845       35.2124   282286   31.47%x_ENSMUSP0000002 U     74      5      5
     75    49        cutoff             26.7845       35.2001   283301   31.42%x_ENSMUSP0000011 U     75      7      7
     76    48        cutoff             26.7845       35.1230   284873   31.13%mm_ENSMUSP000001 U     76      9      9
     77    47        cutoff             26.7845       34.5844   285943   29.12%y_ENSP0000030030 U     77      6      6
     78    46        cutoff             26.7845       34.5837   286705   29.12%x_ENSMUSP0000005 U     78     31      6
Elapsed time = 8523.88 sec. (4755872.39 ticks, tree = 1.44 MB, solutions = 1)
     79    45        cutoff             26.7845       34.5147   287312   28.86%x_ENSMUSP0000011 U     79     32      7
     81    45       34.1826   606       26.7845       34.4065   288543   28.46%z_ENSMUSP0000010 D     81     10      9
     82    46       34.0857   558       26.7845       34.4065   289396   28.46%x_ENSP0000000852 D     82     81     10
     84    46        cutoff             26.7845       34.4065   290001   28.46%x_ENSMUSP0000000 U     84     82     11
     85    45        cutoff             26.7845       34.4065   290860   28.46%y_ENSP0000034520 U     85     83     12
     86    46       34.0545   545       26.7845       34.4065   291441   28.46%y_ENSP0000034520 D     86     83     12
     87    47       34.0406   582       26.7845       34.4065   291792   28.46%mm_ENSMUSP000001 D     87     86     13
     88    48       34.0246   503       26.7845       34.4065   292134   28.46%x_ENSP0000031687 D     88     87     14
     89    47        cutoff             26.7845       34.4065   292854   28.46%x_ENSP0000031687 U     89     87     14
     91    49       34.0143   515       26.7845       34.4065   293210   28.46%mm_ENSMUSP000000 D     91     90     16
Elapsed time = 8688.09 sec. (4880210.65 ticks, tree = 1.51 MB, solutions = 1)
     92    50       34.0087   484       26.7845       34.4065   293593   28.46%x_ENSP0000031928 D     92     91     17
     93    51       33.9870   550       26.7845       34.4065   294249   28.46%           m_566 D     93     92     18
     94    50        cutoff             26.7845       34.4065   294958   28.46%           m_566 U     94     92     18
     95    51       33.1410   350       26.7845       34.4065   296374   28.46%x_ENSMUSP0000004 U     95     93     19
     96    51       32.4592   763       26.7845       34.4065   298091   28.46%x_ENSMUSP0000004 D     96     93     19
     97    52       32.1702   811       26.7845       34.4065   299682   28.46%z_ENSMUSP0000002 N     97     96     20
     98    53       32.1700   805       26.7845       34.4065   299714   28.46%x_ENSMUSP0000005 D     98     97     21
     99    54       32.1668   793       26.7845       34.4065   299946   28.46%x_ENSP0000037147 D     99     98     22
    100    53        cutoff             26.7845       34.4065   300777   28.46%x_ENSP0000037147 U    100     98     22
    102    55       32.1648   775       26.7845       34.4065   301006   28.46%x_ENSP0000025465 D    102    101     24
Elapsed time = 9192.98 sec. (5197732.48 ticks, tree = 1.70 MB, solutions = 1)
    104    55        cutoff             26.7845       34.4065   301928   28.46%x_ENSP0000031122 U    104    102     25
    105    56       32.1566   703       26.7845       34.4065   302221   28.46%z_ENSMUSP0000005 D    105    103     26
    106    55        cutoff             26.7845       34.4065   302730   28.46%z_ENSMUSP0000005 U    106    103     26
    108    57       32.1521   745       26.7845       34.4065   303111   28.46%mm_ENSMUSP000001 D    108    107     28
    110    59       32.1486   694       26.7845       34.4065   303430   28.46%x_ENSMUSP0000000 D    110    109     30
    111    60       32.1374   658       26.7845       34.4065   303791   28.46%x_ENSP0000030016 D    111    110     31
    112    59        cutoff             26.7845       34.4065   304712   28.46%x_ENSP0000030016 U    112    110     31
    114    59        cutoff             26.7845       34.4065   305609   28.46%x_ENSMUSP0000000 U    114    111     32
    115    60       31.1332   649       26.7845       34.4065   313086   28.46%x_ENSP0000037726 N    115    113     33
    117    60       31.1291   667       26.7845       34.4065   314031   28.46%x_ENSP0000035808 D    117    115     34
Elapsed time = 9613.30 sec. (5511834.29 ticks, tree = 1.86 MB, solutions = 1)
    121    62       31.1174   602       26.7845       34.4065   314764   28.46%x_ENSP0000022569 D    121    119     37
    125    62        cutoff             26.7845       34.4065   316166   28.46%x_ENSP0000040156 U    125    122     39
    128    63       31.1127   580       26.7845       34.4065   316940   28.46%x_ENSMUSP0000010 D    128    126     41
    130    65       31.1000   646       26.7845       34.4065   317305   28.46%x_ENSP0000033532 D    130    129     43
    131    64        cutoff             26.7845       34.4065   318751   28.46%x_ENSP0000033532 U    131    129     43
    132    65       31.0978   613       26.7845       34.4065   318879   28.46%x_ENSP0000031342 D    132    130     44
*   135    53      integral     0       30.6139       34.4065   324868   12.39%x_ENSMUSP0000000 N    135    134     47
    137    53       34.3916   699       30.6139       34.3916   325596   12.34%z_ENSMUSP0000010 U    137     10      9
    139    55       34.3436   820       30.6139       34.3916   326779   12.34%x_ENSP0000031687 D    139    138     11
    140    56       34.3146   779       30.6139       34.3916   327568   12.34%mm_ENSMUSP000001 D    140    139     12
Elapsed time = 9934.56 sec. (5720650.77 ticks, tree = 1.74 MB, solutions = 2)
    141    57       34.2854   645       30.6139       34.3916   328285   12.34%x_ENSMUSP0000007 D    141    140     13
    143    59       34.2227   793       30.6139       34.3916   329317   12.34%x_ENSP0000033532 D    143    142     15
    144    60       34.2037   811       30.6139       34.3916   331328   12.34%x_ENSP0000030016 D    144    143     16
    145    61       34.1923   781       30.6139       34.3916   332522   12.34%mm_ENSMUSP000000 D    145    144     17
    149    65       34.1786   655       30.6139       34.3916   333249   12.34%x_ENSMUSP0000002 D    149    148     21
    151    67       32.9297   836       30.6139       34.3916   349385   12.34%x_ENSMUSP0000002 N    151    150     23
    152    68       32.9011   864       30.6139       34.3916   350048   12.34%y_ENSP0000034520 D    152    151     24
    153    69       32.9001   878       30.6139       34.3916   350147   12.34%x_ENSMUSP0000005 D    153    152     25
    156    72       32.8925   825       30.6139       34.3916   350540   12.34%x_ENSP0000035885 D    156    155     28
    158    74       32.8895   843       30.6139       34.3916   350748   12.34%x_ENSP0000037726 D    158    157     30
Elapsed time = 10565.37 sec. (6179425.17 ticks, tree = 2.32 MB, solutions = 2)
    160    76       32.8842   836       30.6139       34.3916   351151   12.34%x_ENSP0000031928 D    160    159     32
    163    79       32.8811   815       30.6139       34.3916   351471   12.34%x_ENSP0000035808 D    163    162     35
    166    82       32.8774   800       30.6139       34.3916   351810   12.34%x_ENSP0000034942 D    166    165     38
    167    83       32.0058   928       30.6139       34.3916   367303   12.34%y_ENSP0000035260 N    167    166     39
    168    84       32.0034   940       30.6139       34.3916   367538   12.34%x_ENSP0000039408 D    168    167     40
    169    85       32.0024   876       30.6139       34.3916   367675   12.34%x_ENSP0000031174 D    169    168     41
    170    86       32.0015   927       30.6139       34.3916   367845   12.34%mm_ENSMUSP000000 D    170    169     42
    174    90       32.0000   895       30.6139       34.3916   368117   12.34%mm_ENSP000003438 D    174    173     46
    176    92       31.9997   901       30.6139       34.3916   368194   12.34%x_ENSMUSP0000005 D    176    175     48
    178    94       31.9996   852       30.6139       34.3916   368225   12.34%y_ENSP0000035728 D    178    177     50
Elapsed time = 11273.16 sec. (6703882.99 ticks, tree = 2.97 MB, solutions = 2)
    179    95       31.9987   903       30.6139       34.3916   368428   12.34%z_ENSMUSP0000002 D    179    178     51
    183    99       31.9924   711       30.6139       34.3916   369092   12.34%z_ENSMUSP0000004 U    183    182     55
    184   100       31.2165   630       30.6139       34.3916   385728   12.34%x_ENSP0000035699 N    184    183     56
    185   101       31.2161   624       30.6139       34.3916   385892   12.34%x_ENSMUSP0000004 D    185    184     57
    186   102       31.2129   642       30.6139       34.3916   386316   12.34%x_ENSMUSP0000000 D    186    185     58
    190   106       31.2118   624       30.6139       34.3916   386705   12.34%x_ENSP0000029871 D    190    189     62
    191   107       31.2110   534       30.6139       34.3916   386905   12.34%x_ENSP0000030459 D    191    190     63
    195   111       31.2095   564       30.6139       34.3916   387376   12.34%x_ENSMUSP0000009 D    195    194     67

Zero-half cuts applied:  6
User cuts applied:  18172

Root node processing (before b&c):
  Real time             = 2936.27 sec. (960199.43 ticks)
Sequential b&c:
  Real time             = 9063.81 sec. (6289824.61 ticks)
                          ------------
Total (root+branch&cut) = 12000.08 sec. (7250024.04 ticks)
Solved in 12004.9s
	Command being timed: "timeout 12500s /home/hsoueidan/xheinz/build/xHeinz_git_user_cuts -n1 48h/mouse_MA_scores_0.01_corrected_ensp_induced.tsv -n2 48h/human_MA_scores_0.01_corrected_ensp_induced.tsv -e1 /home/hsoueidan/xheinz/data/Th17/STRING/mmu-no_UBC.txt -e2 /home/hsoueidan/xheinz/data/Th17/STRING/hsa-no_UBC_no_SUMO2.txt -t 12000 -cog data/ensembl_cog_ALL.tsv -a 1.0"
	User time (seconds): 12025.90
	System time (seconds): 105.30
	Percent of CPU this job got: 100%
	Elapsed (wall clock) time (h:mm:ss or m:ss): 3:21:09
	Average shared text size (kbytes): 0
	Average unshared data size (kbytes): 0
	Average stack size (kbytes): 0
	Average total size (kbytes): 0
	Maximum resident set size (kbytes): 17524592
	Average resident set size (kbytes): 0
	Major (requiring I/O) page faults: 0
	Minor (reclaiming a frame) page faults: 14297942
	Voluntary context switches: 30840
	Involuntary context switches: 79954
	Swaps: 0
	File system inputs: 0
	File system outputs: 696
	Socket messages sent: 0
	Socket messages received: 0
	Signals delivered: 0
	Page size (bytes): 4096
	Exit status: 0
