Warning: Control callbacks may disable some MIP features.
Lazy constraint(s) or lazy constraint callback is present.
    Disabling dual reductions (CPX_PARAM_REDUCE) in presolve.
Clique table members: 78509.
MIP emphasis: balance optimality and feasibility.
MIP search method: traditional branch-and-cut.
Parallel mode: none, using 1 thread.
Root relaxation solution time = 11.77 sec. (4149.13 ticks)

        Nodes                                         Cuts/
   Node  Left     Objective  IInf  Best Integer    Best Bound    ItCnt     Gap         Variable B NodeID Parent  Depth

      0     0      102.4442    33                    102.4442    15767         
*     0+    0                           30.6139      102.4442    15767  234.63%
      0     0      101.7520    21       30.6139  ZeroHalf: 19    15795  232.37%
      0     0       80.6003   421       30.6139 UserPurge1: 48    16534  163.28%
      0     0       78.6135    25       30.6139 UserPurge1: 23    16616  156.79%
      0     0       71.6336   439       30.6139 UserPurge1: 35    16911  133.99%
      0     0       70.4223   427       30.6139 UserPurge1: 24    16962  130.03%
      0     0       70.4165   421       30.6139 UserPurge1: 15    16968  130.01%
      0     0       70.4145   415       30.6139 UserPurge1: 16    16971  130.01%
      0     0       70.4138   439       30.6139 UserPurge1: 16    16975  130.01%
      0     0       70.4070   421       30.6139 UserPurge1: 16    16984  129.98%
      0     0       70.4023   439       30.6139 UserPurge1: 16    16991  129.97%
      0     0       70.3991   421       30.6139 UserPurge1: 15    16994  129.96%
      0     0       70.3978   421       30.6139 UserPurge1: 16    16995  129.95%
      0     0       70.3977   439       30.6139 UserPurge1: 16    16996  129.95%
      0     0       70.3953   445       30.6139 UserPurge1: 16    17007  129.95%
      0     0       70.3938   445       30.6139 UserPurge1: 15    17016  129.94%
      0     0       70.3936   457       30.6139 UserPurge1: 16    17017  129.94%
      0     0       70.3842   432       30.6139 UserPurge1: 16    17045  129.91%
      0     0       70.3830   438       30.6139 UserPurge1: 15    17049  129.91%
      0     0       70.3802   444       30.6139 UserPurge1: 14    17055  129.90%
      0     0       70.3797   450       30.6139 UserPurge1: 15    17056  129.89%
      0     0       70.3776   427       30.6139 UserPurge1: 14    17061  129.89%
      0     0       70.3775   433       30.6139 UserPurge1: 15    17062  129.89%
      0     0       70.3774   439       30.6139 UserPurge1: 14    17063  129.89%
      0     0       70.3773   445       30.6139 UserPurge1: 15    17064  129.89%
      0     0       70.3771   147       30.6139 UserPurge1: 14    17065  129.89%
      0     0       69.3777   418       30.6139 UserPurge1: 39    17249  126.62%
      0     0       69.3675   438       30.6139 UserPurge1: 9    17263  126.59%
      0     0       69.3566   424       30.6139 UserPurge1: 14    17268  126.55%
      0     0       69.3530   444       30.6139 UserPurge1: 9    17281  126.54%
      0     0       69.3488   444       30.6139 UserPurge1: 14    17292  126.53%
      0     0       69.3480   438       30.6139 UserPurge1: 14    17294  126.52%
      0     0       69.3474   450       30.6139 UserPurge1: 14    17295  126.52%
      0     0       69.3438   450       30.6139 UserPurge1: 14    17311  126.51%
      0     0       69.3409   450       30.6139 UserPurge1: 14    17313  126.50%
      0     0       69.3406   438       30.6139 UserPurge1: 14    17314  126.50%
      0     0       69.3404   462       30.6139 UserPurge1: 14    17315  126.50%
      0     0       69.3364   456       30.6139 UserPurge1: 14    17321  126.49%
      0     0       69.3360   438       30.6139 UserPurge1: 14    17322  126.49%
      0     0       69.3338   559       30.6139 UserPurge1: 14    17331  126.48%
      0     0       69.3327   456       30.6139 UserPurge1: 15    17335  126.47%
      0     0       69.3313   577       30.6139 UserPurge1: 14    17339  126.47%
      0     0       69.3306   577       30.6139 UserPurge1: 7    17345  126.47%
      0     0       69.3303   559       30.6139 UserPurge1: 7    17354  126.47%
      0     0       69.3298   589       30.6139 UserPurge1: 7    17361  126.47%
      0     0       69.3288   583       30.6139 UserPurge1: 7    17372  126.46%
      0     0       69.3285   462       30.6139 UserPurge1: 7    17375  126.46%
      0     0       69.3282   589       30.6139 UserPurge1: 14    17378  126.46%
      0     0       69.3275   565       30.6139 UserPurge1: 7    17381  126.46%
      0     0       69.3274   577       30.6139 UserPurge1: 7    17382  126.46%
      0     0       69.3270   589       30.6139 UserPurge1: 7    17389  126.46%
      0     0       69.3267   559       30.6139 UserPurge1: 7    17393  126.46%
      0     0       69.3267   601       30.6139 UserPurge1: 7    17395  126.45%
      0     0       69.3257   601       30.6139 UserPurge1: 7    17400  126.45%
      0     0       69.3254   559       30.6139 UserPurge1: 7    17402  126.45%
      0     0       69.3251   589       30.6139 UserPurge1: 7    17406  126.45%
      0     0       69.3227   577       30.6139 UserPurge1: 7    17418  126.44%
      0     0       69.3226   601       30.6139 UserPurge1: 7    17419  126.44%
      0     0       69.3220   480       30.6139 UserPurge1: 7    17435  126.44%
      0     0       69.3216   559       30.6139 UserPurge1: 14    17438  126.44%
      0     0       69.3216   607       30.6139 UserPurge1: 7    17439  126.44%
      0     0       69.3205   583       30.6139 UserPurge1: 7    17450  126.43%
      0     0       69.3201   631       30.6139 UserPurge1: 7    17456  126.43%
      0     0       69.3179   559       30.6139 UserPurge1: 7    17474  126.43%
      0     0       69.3177   631       30.6139 UserPurge1: 7    17477  126.43%
      0     0       69.3168   577       30.6139 UserPurge1: 7    17486  126.42%
      0     0       69.3168   631       30.6139 UserPurge1: 7    17489  126.42%
      0     0       69.3161   474       30.6139 UserPurge1: 7    17494  126.42%
      0     0       69.3152   450       30.6139 UserPurge1: 14    17501  126.42%
      0     0       69.3140   565       30.6139 UserPurge1: 14    17508  126.41%
      0     0       69.3138   589       30.6139 UserPurge1: 7    17516  126.41%
      0     0       69.3138   613       30.6139 UserPurge1: 7    17518  126.41%
      0     0       69.3129   486       30.6139 UserPurge1: 7    17524  126.41%
      0     0       69.3118   590       30.6139 UserPurge1: 14    17534  126.41%
      0     0       69.3118   614       30.6139 UserPurge1: 14    17538  126.41%
      0     0       69.3115   613       30.6139 UserPurge1: 14    17545  126.41%
      0     0       69.3109   626       30.6139 UserPurge1: 7    17559  126.40%
      0     0       69.3105   650       30.6139 UserPurge1: 14    17573  126.40%
      0     0       69.3102   559       30.6139 UserPurge1: 14    17580  126.40%
      0     0       69.3100   643       30.6139 UserPurge1: 7    17586  126.40%
      0     0       69.3091   565       30.6139 UserPurge1: 7    17594  126.40%
      0     0       69.3090   631       30.6139 UserPurge1: 7    17598  126.40%
      0     0       69.3077   650       30.6139 UserPurge1: 7    17618  126.39%
      0     0       69.3073   650       30.6139 UserPurge1: 14    17629  126.39%
      0     0       69.3064   656       30.6139 UserPurge1: 14    17640  126.39%
      0     0       69.3060   583       30.6139 UserPurge1: 14    17652  126.39%
      0     0       69.3059   637       30.6139 UserPurge1: 7    17655  126.39%
      0     0       69.3058   559       30.6139 UserPurge1: 7    17660  126.39%
      0     0       69.3056   655       30.6139 UserPurge1: 7    17671  126.39%
      0     0       69.3048   749       30.6139 UserPurge1: 7    17694  126.38%
      0     0       69.3041   656       30.6139 UserPurge1: 9    17708  126.38%
      0     0       69.3035   559       30.6139 UserPurge1: 14    17717  126.38%
      0     0       69.3032   644       30.6139 UserPurge1: 7    17728  126.38%
      0     0       69.3028   559       30.6139 UserPurge1: 14    17736  126.38%
      0     0       69.3023   644       30.6139 UserPurge1: 7    17752  126.38%
      0     0       69.3021   809       30.6139 UserPurge1: 14    17770  126.37%
      0     0       69.3017   559       30.6139 UserPurge1: 7    17776  126.37%
      0     0       69.3017   571       30.6139 UserPurge1: 7    17779  126.37%
      0     0       69.3015   667       30.6139 UserPurge1: 7    17790  126.37%
      0     0       69.3014   803       30.6139 UserPurge1: 7    17805  126.37%
      0     0       69.3005   834       30.6139 UserPurge1: 7    17841  126.37%
      0     0       69.3003   692       30.6139 UserPurge1: 7    17856  126.37%
      0     0       69.2991   679       30.6139 UserPurge1: 14    17884  126.37%
      0     0       69.2978   680       30.6139 UserPurge1: 7    17920  126.36%
      0     0       69.2971   450       30.6139 UserPurge1: 14    17945  126.36%
      0     0       69.2971   840       30.6139 UserPurge1: 14    17950  126.36%
      0     0       69.2966   834       30.6139 UserPurge1: 7    17981  126.36%
      0     0       69.2961   662       30.6139 UserPurge1: 7    18004  126.36%
      0     0       69.2950   650       30.6139 UserPurge1: 14    18024  126.35%
      0     0       69.2943   692       30.6139 UserPurge1: 14    18046  126.35%
      0     0       69.2939   559       30.6139 UserPurge1: 14    18061  126.35%
      0     0       69.2939   667       30.6139 UserPurge1: 7    18064  126.35%
      0     0       69.2937   686       30.6139 UserPurge1: 7    18079  126.35%
      0     0       69.2937   662       30.6139 UserPurge1: 14    18088  126.35%
      0     0       69.2931   833       30.6139 UserPurge1: 14    18123  126.35%
      0     0       69.2928   852       30.6139 UserPurge1: 7    18135  126.34%
      0     0       69.2926   870       30.6139 UserPurge1: 7    18154  126.34%
      0     0       69.2923   858       30.6139 UserPurge1: 7    18191  126.34%
      0     0       69.2915   869       30.6139 UserPurge1: 7    18215  126.34%
      0     0       69.2910   709       30.6139 UserPurge1: 7    18239  126.34%
      0     0       69.2908   703       30.6139 UserPurge1: 7    18251  126.34%
      0     0       69.2905   869       30.6139 UserPurge1: 7    18268  126.34%
      0     0       69.2894   703       30.6139 UserPurge1: 7    18305  126.33%
      0     0       69.2893   875       30.6139 UserPurge1: 7    18317  126.33%
      0     0       69.2890   721       30.6139 UserPurge1: 7    18335  126.33%
      0     0       69.2888   899       30.6139 UserPurge1: 7    18351  126.33%
      0     0       69.2882   881       30.6139 UserPurge1: 7    18378  126.33%
      0     0       69.2874   697       30.6139 UserPurge1: 7    18419  126.33%
      0     0       69.2868   546       30.6139 UserPurge1: 7    18452  126.32%
      0     0       69.2855   559       30.6139 UserPurge1: 14    18469  126.32%
      0     0       69.2854   559       30.6139 UserPurge1: 7    18477  126.32%
      0     0       69.2850   559       30.6139 UserPurge1: 7    18495  126.32%
      0     0       69.2850   631       30.6139 UserPurge1: 7    18497  126.32%
      0     0       69.2841   559       30.6139 UserPurge1: 7    18517  126.32%
      0     0       69.2839   655       30.6139 UserPurge1: 7    18525  126.32%
      0     0       69.2834   674       30.6139 UserPurge1: 7    18549  126.31%
      0     0       69.2831   704       30.6139 UserPurge1: 14    18567  126.31%
      0     0       69.2828   673       30.6139 UserPurge1: 14    18593  126.31%
      0     0       69.2826   680       30.6139 UserPurge1: 7    18619  126.31%
      0     0       69.2821   715       30.6139 UserPurge1: 14    18640  126.31%
      0     0       69.2817   667       30.6139 UserPurge1: 7    18672  126.31%
      0     0       69.2815   674       30.6139 UserPurge1: 10    18690  126.31%
      0     0       69.2811   668       30.6139 UserPurge1: 14    18712  126.31%
      0     0       69.2806   703       30.6139 UserPurge1: 14    18743  126.30%
      0     0       69.2802   703       30.6139 UserPurge1: 7    18764  126.30%
      0     0       69.2798   692       30.6139 UserPurge1: 7    18788  126.30%
      0     0       69.2795   907       30.6139 UserPurge1: 14    18822  126.30%
      0     0       69.2793   559       30.6139 UserPurge1: 15    18836  126.30%
      0     0       69.2793   697       30.6139 UserPurge1: 7    18838  126.30%
      0     0       69.2789   703       30.6139 UserPurge1: 7    18869  126.30%
      0     0       69.2785   692       30.6139 UserPurge1: 7    18899  126.30%
      0     0       69.2780   722       30.6139 UserPurge1: 14    18937  126.30%
      0     0       69.2777   913       30.6139 UserPurge1: 14    18964  126.29%
      0     0       69.2774   722       30.6139 UserPurge1: 7    18988  126.29%
      0     0       69.2773   937       30.6139 UserPurge1: 14    19001  126.29%
      0     0       69.2772   727       30.6139 UserPurge1: 7    19027  126.29%
      0     0       69.2770   740       30.6139 UserPurge1: 7    19042  126.29%
      0     0       69.2768   739       30.6139 UserPurge1: 14    19063  126.29%
      0     0       69.2765   925       30.6139 UserPurge1: 7    19098  126.29%
      0     0       69.2761   722       30.6139 UserPurge1: 7    19138  126.29%
      0     0       69.2753   709       30.6139 UserPurge1: 14    19180  126.29%
      0     0       69.2744   907       30.6139 UserPurge1: 7    19237  126.28%
      0     0       69.2738   907       30.6139 UserPurge1: 7    19262  126.28%
      0     0       69.2734   686       30.6139 UserPurge1: 7    19285  126.28%
      0     0       69.2732   692       30.6139 UserPurge1: 14    19298  126.28%
      0     0       69.2730   703       30.6139 UserPurge1: 14    19314  126.28%
      0     0       69.2729   728       30.6139 UserPurge1: 14    19349  126.28%
      0     0       69.2728   728       30.6139 UserPurge1: 14    19369  126.28%
      0     0       69.2728   740       30.6139 UserPurge1: 14    19385  126.28%
      0     0       69.2726   870       30.6139 UserPurge1: 14    19416  126.28%
      0     0       69.2724   894       30.6139 UserPurge1: 7    19440  126.28%
      0     0       69.2723   716       30.6139 UserPurge1: 7    19460  126.28%
      0     0       69.2722   716       30.6139 UserPurge1: 7    19501  126.28%
      0     0       69.2722   967       30.6139 UserPurge1: 14    19517  126.28%
      0     0       69.2721   716       30.6139 UserPurge1: 7    19538  126.28%
      0     0       69.2720   972       30.6139 UserPurge1: 7    19578  126.28%
      0     0       69.2719   758       30.6139 UserPurge1: 7    19609  126.28%
      0     0       69.2717   710       30.6139 UserPurge1: 7    19638  126.28%
      0     0       69.2713   728       30.6139 UserPurge1: 14    19674  126.27%
      0     0       69.2704   899       30.6139 UserPurge1: 14    19749  126.27%
      0     0       69.2697   943       30.6139 UserPurge1: 7    19788  126.27%
      0     0       69.2695   697       30.6139 UserPurge1: 7    19819  126.27%
      0     0       69.2692   912       30.6139 UserPurge1: 7    19841  126.27%
      0     0       69.2689   703       30.6139 UserPurge1: 7    19867  126.27%
      0     0       69.2685   613       30.6139 UserPurge1: 7    19893  126.27%
      0     0       69.2679   721       30.6139 UserPurge1: 14    19929  126.26%
      0     0       69.2679   559       30.6139 UserPurge1: 7    19935  126.26%
      0     0       69.2677   709       30.6139 UserPurge1: 7    19965  126.26%
      0     0       69.2671   851       30.6139 UserPurge1: 7    20001  126.26%
      0     0       69.2668   703       30.6139 UserPurge1: 7    20022  126.26%
      0     0       69.2666   710       30.6139 UserPurge1: 7    20046  126.26%
      0     0       69.2664   899       30.6139 UserPurge1: 14    20068  126.26%
      0     0       69.2662   942       30.6139 UserPurge1: 7    20098  126.26%
      0     0       69.2661   751       30.6139 UserPurge1: 7    20125  126.26%
      0     0       69.2659   751       30.6139 UserPurge1: 7    20173  126.26%
      0     0       69.2657   949       30.6139 UserPurge1: 7    20210  126.26%
      0     0       69.2655   967       30.6139 UserPurge1: 7    20250  126.26%
      0     0       69.2653   931       30.6139 UserPurge1: 7    20279  126.25%
      0     0       69.2651   758       30.6139 UserPurge1: 7    20305  126.25%
      0     0       69.2645   758       30.6139 UserPurge1: 14    20361  126.25%
      0     0       69.2641   923       30.6139 UserPurge1: 14    20393  126.25%
      0     0       69.2638   923       30.6139 UserPurge1: 7    20427  126.25%
      0     0       69.2637   941       30.6139 UserPurge1: 7    20467  126.25%
      0     0       69.2634   923       30.6139 UserPurge1: 7    20493  126.25%
      0     0       69.2631   745       30.6139 UserPurge1: 7    20520  126.25%
      0     0       69.2627   757       30.6139 UserPurge1: 7    20556  126.25%
      0     0       69.2625   929       30.6139 UserPurge1: 7    20573  126.25%
      0     0       69.2622   905       30.6139 UserPurge1: 7    20608  126.24%
      0     0       69.2617   978       30.6139 UserPurge1: 7    20658  126.24%
      0     0       69.2613   960       30.6139 UserPurge1: 7    20684  126.24%
      0     0       69.2611   745       30.6139 UserPurge1: 7    20718  126.24%
      0     0       69.2605   763       30.6139 UserPurge1: 7    20765  126.24%
      0     0       69.2599   746       30.6139 UserPurge1: 7    20824  126.24%
      0     0       69.2594   746       30.6139 UserPurge1: 14    20855  126.24%
      0     0       69.2590   776       30.6139 UserPurge1: 14    20893  126.23%
      0     0       69.2586   764       30.6139 UserPurge1: 14    20941  126.23%
      0     0       69.2582   954       30.6139 UserPurge1: 14    20978  126.23%
      0     0       69.2579   960       30.6139 UserPurge1: 7    21028  126.23%
      0     0       69.2575   782       30.6139 UserPurge1: 7    21080  126.23%
      0     0       69.2569   746       30.6139 UserPurge1: 14    21115  126.23%
      0     0       69.2563   942       30.6139 UserPurge1: 14    21157  126.23%
      0     0       69.2561   978       30.6139 UserPurge1: 7    21186  126.22%
      0     0       69.2553   998       30.6139 UserPurge1: 7    21245  126.22%
      0     0       69.2545   972       30.6139 UserPurge1: 7    21287  126.22%
      0     0       69.2541   997       30.6139 UserPurge1: 8    21348  126.22%
      0     0       69.2536   985       30.6139 UserPurge1: 7    21367  126.22%
      0     0       69.2532   978       30.6139 UserPurge1: 8    21408  126.21%
      0     0       69.2529   751       30.6139 UserPurge1: 7    21432  126.21%
      0     0       69.2521   972       30.6139 UserPurge1: 7    21506  126.21%
      0     0       69.2514   739       30.6139 UserPurge1: 7    21554  126.21%
      0     0       69.2510   960       30.6139 UserPurge1: 8    21612  126.21%
      0     0       69.2509   769       30.6139 UserPurge1: 7    21646  126.21%
      0     0       69.2507   966       30.6139 UserPurge1: 8    21686  126.21%
      0     0       69.2507   964       30.6139 UserPurge1: 8    21702  126.21%
      0     0       69.2506   976       30.6139 UserPurge1: 2    21730  126.21%
      0     0       69.2505   996       30.6139 UserPurge1: 2    21769  126.21%
      0     0       69.2504   823       30.6139 UserPurge1: 8    21828  126.21%
      0     0       69.2503   812       30.6139 UserPurge1: 14    21869  126.21%
      0     0       69.2502   991       30.6139 UserPurge1: 14    21912  126.21%
      0     0       69.2501   812       30.6139 UserPurge1: 8    21947  126.20%
      0     0       69.2500   817       30.6139 UserPurge1: 14    21984  126.20%
      0     0       69.2498  1025       30.6139 UserPurge1: 14    22025  126.20%
      0     0       69.2488   779       30.6139 UserPurge1: 2    22107  126.20%
      0     0       69.2479   757       30.6139 UserPurge1: 2    22152  126.20%
      0     0       69.2475   769       30.6139 UserPurge1: 14    22202  126.20%
      0     0       69.2473   746       30.6139 UserPurge1: 8    22227  126.20%
      0     0       69.2471   757       30.6139 UserPurge1: 14    22262  126.20%
      0     0       69.2469   737       30.6139 UserPurge1: 14    22304  126.19%
      0     0       69.2466  1008       30.6139 UserPurge1: 2    22355  126.19%
      0     0       69.2463   763       30.6139 UserPurge1: 8    22423  126.19%
      0     0       69.2462  1001       30.6139 UserPurge1: 14    22466  126.19%
      0     0       69.2456   552       30.6139 UserPurge1: 8    22551  126.19%
      0     0       69.2456   782       30.6139 UserPurge1: 2    22555  126.19%
      0     0       69.2450  1001       30.6139 UserPurge1: 14    22599  126.19%
      0     0       69.2448  1009       30.6139 UserPurge1: 8    22629  126.19%
      0     0       69.2446   782       30.6139 UserPurge1: 8    22677  126.19%
      0     0       69.2445   558       30.6139 UserPurge1: 14    22683  126.19%
      0     0       69.2445   782       30.6139 UserPurge1: 2    22707  126.19%
      0     0       69.2443   752       30.6139 UserPurge1: 14    22774  126.19%
      0     0       69.2442  1002       30.6139 UserPurge1: 14    22835  126.19%
      0     0       69.2441   787       30.6139 UserPurge1: 8    22867  126.19%
      0     0       69.2441   799       30.6139 UserPurge1: 14    22896  126.19%
      0     0       69.2439   773       30.6139 UserPurge1: 14    22953  126.18%
      0     0       69.2436   963       30.6139 UserPurge1: 2    23009  126.18%
      0     0       69.2434   939       30.6139 UserPurge1: 2    23031  126.18%
      0     0       69.2433  1013       30.6139 UserPurge1: 2    23060  126.18%
      0     0       69.2432   971       30.6139 UserPurge1: 8    23082  126.18%
      0     0       69.2430   773       30.6139 UserPurge1: 8    23114  126.18%
      0     0       69.2429   787       30.6139 UserPurge1: 2    23158  126.18%
      0     0       69.2428   805       30.6139 UserPurge1: 14    23203  126.18%
      0     0       69.2426   805       30.6139 UserPurge1: 14    23258  126.18%
      0     0       69.2425   767       30.6139 UserPurge1: 14    23312  126.18%
      0     0       69.2424   767       30.6139 UserPurge1: 2    23327  126.18%
      0     0       69.2423   794       30.6139 UserPurge1: 2    23369  126.18%
      0     0       69.2422   793       30.6139 UserPurge1: 14    23409  126.18%
      0     0       69.2419   779       30.6139 UserPurge1: 14    23446  126.18%
      0     0       69.2418   799       30.6139 UserPurge1: 2    23491  126.18%
      0     0       69.2417  1019       30.6139 UserPurge1: 14    23547  126.18%
      0     0       69.2416  1024       30.6139 UserPurge1: 8    23590  126.18%
      0     0       69.2413   797       30.6139 UserPurge1: 8    23661  126.18%
      0     0       69.2410  1008       30.6139 UserPurge1: 2    23710  126.18%
      0     0       69.2407   785       30.6139 UserPurge1: 8    23760  126.17%
      0     0       69.2404   546       30.6139 UserPurge1: 2    23789  126.17%
      0     0       69.2404   782       30.6139 UserPurge1: 2    23807  126.17%
      0     0       69.2400   978       30.6139 UserPurge1: 14    23860  126.17%
      0     0       69.2398  1032       30.6139 UserPurge1: 8    23917  126.17%
      0     0       69.2395   818       30.6139 UserPurge1: 8    23964  126.17%
      0     0       69.2394  1044       30.6139 UserPurge1: 14    24013  126.17%
      0     0       69.2393  1007       30.6139 UserPurge1: 8    24051  126.17%
      0     0       69.2390  1007       30.6139 UserPurge1: 8    24106  126.17%
      0     0       69.2389  1032       30.6139 UserPurge1: 8    24153  126.17%
      0     0       69.2387   805       30.6139 UserPurge1: 8    24193  126.17%
      0     0       69.2386   780       30.6139 UserPurge1: 14    24227  126.17%
      0     0       69.2384   811       30.6139 UserPurge1: 8    24272  126.17%
      0     0       69.2383   849       30.6139 UserPurge1: 14    24319  126.17%
      0     0       69.2381  1045       30.6139 UserPurge1: 14    24367  126.17%
      0     0       69.2380  1013       30.6139 UserPurge1: 8    24403  126.17%
      0     0       69.2377   785       30.6139 UserPurge1: 8    24448  126.16%
      0     0       69.2373  1003       30.6139 UserPurge1: 2    24496  126.16%
      0     0       69.2370   770       30.6139 UserPurge1: 8    24544  126.16%
      0     0       69.2369  1014       30.6139 UserPurge1: 14    24578  126.16%
      0     0       69.2368  1008       30.6139 UserPurge1: 8    24614  126.16%
      0     0       69.2368   986       30.6139 UserPurge1: 8    24644  126.16%
      0     0       69.2367   789       30.6139 UserPurge1: 8    24671  126.16%
      0     0       69.2366   788       30.6139 UserPurge1: 8    24698  126.16%
      0     0       69.2365  1031       30.6139 UserPurge1: 14    24737  126.16%
      0     0       69.2363   791       30.6139 UserPurge1: 8    24784  126.16%
      0     0       69.2363   546       30.6139 UserPurge1: 8    24790  126.16%
      0     0       69.2363  1050       30.6139 UserPurge1: 2    24807  126.16%
      0     0       69.2362   546       30.6139 UserPurge1: 8    24822  126.16%
      0     0       69.2361   825       30.6139 UserPurge1: 2    24860  126.16%
      0     0       69.2360   804       30.6139 UserPurge1: 14    24898  126.16%
      0     0       69.2360   804       30.6139 UserPurge1: 2    24939  126.16%
      0     0       69.2360   816       30.6139 UserPurge1: 2    24981  126.16%
      0     0       69.2359  1088       30.6139 UserPurge1: 2    25014  126.16%
      0     0       69.2359  1098       30.6139 UserPurge1: 8    25058  126.16%
      0     0       69.2358  1044       30.6139 UserPurge1: 8    25103  126.16%
      0     0       69.2357  1025       30.6139 UserPurge1: 8    25161  126.16%
      0     0       69.2355   855       30.6139 UserPurge1: 8    25205  126.16%
      0     0       69.2354  1031       30.6139 UserPurge1: 14    25262  126.16%
      0     0       69.2352  1021       30.6139 UserPurge1: 8    25324  126.16%
      0     0       69.2351   830       30.6139 UserPurge1: 8    25384  126.16%
      0     0       69.2349   825       30.6139 UserPurge1: 14    25438  126.16%
      0     0       69.2348   801       30.6139 UserPurge1: 14    25499  126.15%
      0     0       69.2347   842       30.6139 UserPurge1: 14    25551  126.15%
      0     0       69.2346  1075       30.6139 UserPurge1: 14    25594  126.15%
      0     0       69.2345   836       30.6139 UserPurge1: 8    25651  126.15%
      0     0       69.2343  1081       30.6139 UserPurge1: 14    25726  126.15%
      0     0       69.2342   829       30.6139 UserPurge1: 8    25782  126.15%
      0     0       69.2340   799       30.6139 UserPurge1: 14    25861  126.15%
      0     0       69.2339   817       30.6139 UserPurge1: 8    25893  126.15%
      0     0       69.2338   792       30.6139 UserPurge1: 8    25938  126.15%
      0     0       69.2337   835       30.6139 UserPurge1: 2    25969  126.15%
      0     0       69.2334   811       30.6139 UserPurge1: 14    26017  126.15%
      0     0       69.2329   812       30.6139 UserPurge1: 8    26059  126.15%
      0     0       69.2326   824       30.6139 UserPurge1: 14    26124  126.15%
      0     0       69.2325   810       30.6139 UserPurge1: 14    26151  126.15%
      0     0       69.2323  1015       30.6139 UserPurge1: 2    26202  126.15%
      0     0       69.2321  1039       30.6139 UserPurge1: 8    26244  126.15%
      0     0       69.2320   853       30.6139 UserPurge1: 8    26284  126.15%
      0     0       69.2319   827       30.6139 UserPurge1: 14    26317  126.15%
      0     0       69.2318   831       30.6139 UserPurge1: 2    26377  126.14%
      0     0       69.2316  1033       30.6139 UserPurge1: 8    26435  126.14%
      0     0       69.2316   813       30.6139 UserPurge1: 8    26475  126.14%
      0     0       69.2315   842       30.6139 UserPurge1: 14    26500  126.14%
      0     0       69.2315  1015       30.6139 UserPurge1: 14    26555  126.14%
      0     0       69.2314   800       30.6139 UserPurge1: 8    26583  126.14%
      0     0       69.2314  1040       30.6139 UserPurge1: 14    26617  126.14%
      0     0       69.2313  1064       30.6139 UserPurge1: 8    26673  126.14%
      0     0       69.2313   836       30.6139 UserPurge1: 8    26729  126.14%
      0     0       69.2312  1020       30.6139 UserPurge1: 14    26761  126.14%
      0     0       69.2312  1021       30.6139 UserPurge1: 8    26824  126.14%
      0     0       69.2311   860       30.6139 UserPurge1: 8    26868  126.14%
      0     0       69.2310   855       30.6139 UserPurge1: 14    26925  126.14%
      0     0       69.2309  1051       30.6139 UserPurge1: 14    26973  126.14%
      0     0       69.2309  1076       30.6139 UserPurge1: 8    27015  126.14%
      0     0       69.2306   818       30.6139 UserPurge1: 8    27098  126.14%
      0     0       69.2305  1038       30.6139 UserPurge1: 14    27141  126.14%
      0     0       69.2304  1034       30.6139 UserPurge1: 2    27176  126.14%
      0     0       69.2303   848       30.6139 UserPurge1: 8    27206  126.14%
      0     0       69.2302   860       30.6139 UserPurge1: 14    27269  126.14%
      0     0       69.2301   872       30.6139 UserPurge1: 8    27312  126.14%
      0     0       69.2299  1087       30.6139 UserPurge1: 14    27363  126.14%
      0     0       69.2298  1099       30.6139 UserPurge1: 8    27419  126.14%
      0     0       69.2297  1135       30.6139 UserPurge1: 8    27501  126.14%
      0     0       69.2296   546       30.6139 UserPurge1: 8    27542  126.14%
      0     0       69.2296   824       30.6139 UserPurge1: 2    27565  126.14%
      0     0       69.2295   824       30.6139 UserPurge1: 14    27614  126.14%
      0     0       69.2294   842       30.6139 UserPurge1: 14    27678  126.14%
      0     0       69.2292   853       30.6139 UserPurge1: 14    27761  126.14%
      0     0       69.2290   837       30.6139 UserPurge1: 2    27831  126.14%
      0     0       69.2288   836       30.6139 UserPurge1: 14    27874  126.14%
      0     0       69.2287   854       30.6139 UserPurge1: 14    27899  126.14%
      0     0       69.2286   848       30.6139 UserPurge1: 14    27935  126.13%
      0     0       69.2285   830       30.6139 UserPurge1: 14    27963  126.13%
      0     0       69.2283  1020       30.6139 UserPurge1: 14    28023  126.13%
      0     0       69.2282   812       30.6139 UserPurge1: 8    28059  126.13%
      0     0       69.2282   841       30.6139 UserPurge1: 14    28113  126.13%
      0     0       69.2281  1049       30.6139 UserPurge1: 14    28199  126.13%
      0     0       69.2279  1042       30.6139 UserPurge1: 8    28259  126.13%
      0     0       69.2278  1037       30.6139 UserPurge1: 8    28308  126.13%
      0     0       69.2276   853       30.6139 UserPurge1: 8    28363  126.13%
      0     0       69.2275   546       30.6139 UserPurge1: 14    28395  126.13%
      0     2       69.2275   546       30.6139       69.2271    28395  126.13%                        0             0
Elapsed time = 1525.27 sec. (402461.10 ticks, tree = 0.00 MB, solutions = 1)
      1     3       68.9285   486       30.6139       69.1266    29118  125.80%x_ENSMUSP0000002 D      1      0      1
      2     4       66.6949   703       30.6139       69.1266    29794  125.80%x_ENSP0000035711 N      2      1      2
      3     4       55.3005   670       30.6139       69.1266    30349  125.80%x_ENSP0000035711 U      3      1      2
      4     5       55.2151   516       30.6139       69.1266    30404  125.80%y_ENSP0000026409 D      4      3      3
      5     6       55.1317   607       30.6139       69.1266    30530  125.80%mm_ENSP000002575 N      5      4      4
      6     6       31.8809   190       30.6139       69.1266    31017  125.80%mm_ENSP000002575 U      6      4      4
      7     6       31.4720   604       30.6139       69.1266    31150  125.80%x_ENSP0000026101 D      7      6      5
      8     6       31.1385   109       30.6139       69.1266    32169  125.80%mm_ENSMUSP000000 D      8      7      6
      9     5        cutoff             30.6139       69.1266    32850  125.80%x_ENSP0000036319 N      9      8      7
     10     5       31.9491   202       30.6139       66.6948    34788  117.86%x_ENSMUSP0000002 U     10      0      1
Elapsed time = 1941.36 sec. (539099.19 ticks, tree = 0.12 MB, solutions = 1)
     12     5       63.7368   424       30.6139       66.6919    36183  117.85%x_ENSP0000036026 D     12      2      3
     13     5       63.0626   412       30.6139       66.6919    36254  117.85%x_ENSP0000033995 D     13     12      4
     14     6       63.0626   411       30.6139       66.6919    36946  117.85%y_ENSP0000037921 D     14     13      5
     15     7       59.7568   641       30.6139       66.6919    38249  117.85%mm_ENSMUSP000000 N     15     14      6
     16     8       59.3144   536       30.6139       66.6919    39502  117.85%mm_ENSMUSP000001 D     16     15      7
     17     9       59.2713   512       30.6139       66.6919    41038  117.85%x_ENSMUSP0000002 D     17     16      8
     19    11       59.1265   309       30.6139       66.6919    41113  117.85%x_ENSMUSP0000004 D     19     18     10
     20    12       58.9444   461       30.6139       66.6919    41319  117.85%mm_ENSP000003054 D     20     19     11
     21    13       58.5942   463       30.6139       66.6919    41858  117.85%y_ENSP0000039315 N     21     20     12
     22    14       57.6972   375       30.6139       66.6919    42207  117.85%z_ENSMUSP0000003 D     22     21     13
Elapsed time = 2098.55 sec. (585409.94 ticks, tree = 0.35 MB, solutions = 1)
     24    16       57.6315   103       30.6139       66.6919    42241  117.85%x_ENSP0000033939 D     24     23     15
     25    17       57.1690   115       30.6139       66.6919    42333  117.85%x_ENSP0000026577 D     25     24     16
     26    18       56.2597   328       30.6139       66.6919    42627  117.85%x_ENSMUSP0000005 U     26     25     17
     28    20       52.7502   468       30.6139       66.6919    43307  117.85%x_ENSMUSP0000001 N     28     27     19
     29    21       52.7300   268       30.6139       66.6919    43344  117.85%x_ENSMUSP0000002 U     29     28     20
     33    25       51.5931   234       30.6139       66.6919    43724  117.85%x_ENSMUSP0000002 D     33     32     24
     36    28       47.7333   457       30.6139       66.6919    44739  117.85%x_ENSMUSP0000000 N     36     35     27
     37    29       47.6573   451       30.6139       66.6919    44792  117.85%x_ENSMUSP0000004 U     37     36     28
     38    30       47.6309   439       30.6139       66.6919    44856  117.85%x_ENSMUSP0000002 D     38     37     29
     39    31       47.3811   310       30.6139       66.6919    45137  117.85%x_ENSMUSP0000004 D     39     38     30
Elapsed time = 2237.19 sec. (627001.92 ticks, tree = 0.85 MB, solutions = 1)
     41    33       47.3297   353       30.6139       66.6919    45234  117.85%x_ENSP0000033297 D     41     40     32
     45    37       42.4681   460       30.6139       66.6919    47251  117.85%x_ENSP0000036771 N     45     44     36
     46    38       42.4681   459       30.6139       66.6919    47252  117.85%y_ENSMUSP0000001 D     46     45     37
     47    39       41.6077   425       30.6139       66.6919    47799  117.85%x_ENSMUSP0000002 D     47     46     38
     48    40       41.2163   277       30.6139       66.6919    48251  117.85%x_ENSP0000034118 D     48     47     39
     49    41       40.8070   290       30.6139       66.6919    48598  117.85%x_ENSP0000026463 D     49     48     40
     50    42       40.7374   260       30.6139       66.6919    48687  117.85%x_ENSMUSP0000000 D     50     49     41
     51    43       40.5562   260       30.6139       66.6919    48821  117.85%x_ENSMUSP0000002 D     51     50     42
     54    46       40.0854   265       30.6139       66.6919    49035  117.85%x_ENSP0000021796 D     54     53     45
     55    47       37.7972   575       30.6139       66.6919    51591  117.85%x_ENSMUSP0000001 N     55     54     46
Elapsed time = 2521.30 sec. (723171.18 ticks, tree = 1.32 MB, solutions = 1)
     56    47       37.7871   568       30.6139       66.6919    51598  117.85%x_ENSP0000032134 D     56     55     47
     57    48       37.7842   410       30.6139       66.6919    51711  117.85%y_ENSP0000034860 D     57     56     48
     59    50       37.7213   400       30.6139       66.6919    52011  117.85%x_ENSMUSP0000007 D     59     58     50
     61    51       37.4896   573       30.6139       66.6919    52647  117.85%x_ENSP0000025495 D     61     60     52
     63    53       37.4245   440       30.6139       66.6919    52835  117.85%x_ENSP0000037093 D     63     62     54
     66    56       36.3547   594       30.6139       66.6919    55185  117.85%x_ENSMUSP0000008 N     66     65     57
     67    56       36.3209   471       30.6139       66.6919    55296  117.85%x_ENSMUSP0000005 D     67     66     58
     70    58       36.2757   342       30.6139       66.6919    55464  117.85%x_ENSMUSP0000009 D     70     69     61
     71    59       36.2757   291       30.6139       66.6919    55465  117.85%          m_4427 D     71     70     62
     73    60       36.1545   383       30.6139       66.6919    55746  117.85%x_ENSP0000025371 D     73     72     64
Elapsed time = 2850.69 sec. (859609.12 ticks, tree = 1.73 MB, solutions = 1)
     74    61       36.1072   401       30.6139       66.6919    55990  117.85%x_ENSMUSP0000002 D     74     73     65
     76    63       35.9876   433       30.6139       66.6919    56389  117.85%x_ENSMUSP0000011 D     76     75     67
     77    64       35.9865   412       30.6139       66.6919    56418  117.85%x_ENSP0000034809 D     77     76     68
     78    65       33.9008   434       30.6139       66.6919    62040  117.85%x_ENSP0000028942 N     78     77     69
     79    66       33.8690   567       30.6139       66.6919    62263  117.85%x_ENSMUSP0000001 D     79     78     70
     80    67       33.8445   366       30.6139       66.6919    62545  117.85%x_ENSP0000024907 D     80     79     71
     81    68       33.0368   345       30.6139       66.6919    63200  117.85%x_ENSMUSP0000002 U     81     80     72
     82    69       32.6382   328       30.6139       66.6919    63693  117.85%x_ENSMUSP0000001 D     82     81     73
     84    71       32.5244   183       30.6139       66.6919    63859  117.85%x_ENSP0000029129 D     84     83     75
     87    73       32.3624   363       30.6139       66.6919    64162  117.85%x_ENSP0000026533 D     87     86     78
Elapsed time = 3262.59 sec. (1036039.87 ticks, tree = 3.70 MB, solutions = 1)
     89    75       32.2352   371       30.6139       66.6919    64552  117.85%x_ENSP0000028182 D     89     88     80
     91    76       31.2706   493       30.6139       66.6919    66172  117.85%z_ENSMUSP0000001 N     91     90     82
     93    77       31.2695   450       30.6139       66.6919    66215  117.85%x_ENSMUSP0000003 D     93     92     84
     95    78       31.1383   370       30.6139       66.6919    66420  117.85%x_ENSMUSP0000010 U     95     94     86
     99    80       31.1208   389       30.6139       66.6919    66592  117.85%x_ENSP0000034950 D     99     97     89
    100    80       31.0819   237       30.6139       66.6919    66791  117.85%mm_ENSMUSP000000 D    100     99     90
    103    79        cutoff             30.6139       66.6919    66972  117.85%x_ENSMUSP0000010 U    103    101     92
    104    78        cutoff             30.6139       63.7012    67497  108.08%x_ENSP0000036026 U    104      2      3
    105    79       54.7853   364       30.6139       63.0162    68274  105.84%x_ENSP0000033995 U    105     12      4
    106    80       54.6854   552       30.6139       63.0162    68344  105.84%mm_ENSP000002575 D    106    105      5
Elapsed time = 3500.21 sec. (1172111.94 ticks, tree = 3.89 MB, solutions = 1)
    109    83       53.8464   527       30.6139       63.0162    69160  105.84%x_ENSP0000029498 N    109    108      8
    110    84       53.5789   500       30.6139       63.0162    69407  105.84%x_ENSP0000027452 U    110    109      9
    112    86       52.7422   222       30.6139       63.0162    69740  105.84%z_ENSMUSP0000003 D    112    111     11
    113    87       50.1941   385       30.6139       63.0162    70401  105.84%x_ENSMUSP0000005 D    113    112     12
    116    90       50.0598   292       30.6139       63.0162    70541  105.84%x_ENSMUSP0000011 D    116    115     15
    119    93       49.5020    43       30.6139       63.0162    70703  105.84%x_ENSMUSP0000000 D    119    118     18
    121    93        cutoff             30.6139       63.0162    70975  105.84%x_ENSMUSP0000002 U    121    120     20
    122    94       48.6207   382       30.6139       63.0162    71210  105.84%x_ENSMUSP0000002 D    122    120     20
    125    97       42.9510   465       30.6139       63.0162    72550  105.84%x_ENSP0000033939 N    125    124     23
    126    98       42.9305   432       30.6139       63.0162    72594  105.84%mm_ENSMUSP000001 D    126    125     24
Elapsed time = 3694.63 sec. (1279616.91 ticks, tree = 15.58 MB, solutions = 1)
    127    99       42.3988   349       30.6139       63.0162    72927  105.84%x_ENSP0000025749 D    127    126     25
    130   102       42.2163   304       30.6139       63.0162    73162  105.84%x_ENSMUSP0000010 D    130    129     28
    134   106       41.8301   145       30.6139       63.0162    73326  105.84%x_ENSP0000025495 D    134    133     32
    136   108       41.8012   126       30.6139       63.0162    73587  105.84%          m_3957 D    136    135     34
    139   111       41.2496   184       30.6139       63.0162    73932  105.84%x_ENSMUSP0000011 D    139    138     37
    141   113       33.3149   467       30.6139       63.0162    78540  105.84%y_ENSMUSP0000002 N    141    140     39
    142   114       33.1636   340       30.6139       63.0162    78854  105.84%x_ENSP0000028162 D    142    141     40
    143   115       33.1451   354       30.6139       63.0162    79003  105.84%x_ENSMUSP0000009 D    143    142     41
    144   116       33.0274   334       30.6139       63.0162    79276  105.84%x_ENSP0000035634 D    144    143     42
    145   117       32.9805   347       30.6139       63.0162    79416  105.84%x_ENSP0000026463 D    145    144     43
Elapsed time = 3912.61 sec. (1397576.15 ticks, tree = 17.75 MB, solutions = 1)
    147   119       32.9104   390       30.6139       63.0162    79653  105.84%          m_4030 D    147    146     45
    148   120       32.7526   319       30.6139       63.0162    80018  105.84%x_ENSP0000000852 D    148    147     46
    149   120       32.5024   361       30.6139       63.0162    80369  105.84%x_ENSMUSP0000008 D    149    148     47
    151   122       31.8637    92       30.6139       63.0162    80692  105.84%x_ENSMUSP0000002 U    151    150     49
    153   120        cutoff             30.6139       63.0162    81040  105.84%x_ENSMUSP0000010 U    153    151     50
    155   118        cutoff             30.6139       59.2374    81515   93.50%mm_ENSMUSP000001 U    155     15      7
    157   116        cutoff             30.6139       59.1755    82004   93.30%x_ENSMUSP0000002 U    157     16      8
    159   114        cutoff             30.6139       58.7349    82281   91.86%mm_ENSP000003054 U    159     19     11
    161   114       50.1552   465       30.6139       57.6833    83139   88.42%z_ENSMUSP0000003 U    161     21     13
    167   120       47.5654   445       30.6139       57.6833    85566   88.42%x_ENSMUSP0000002 N    167    166     19
Elapsed time = 4052.48 sec. (1438998.23 ticks, tree = 17.85 MB, solutions = 1)
    171   124       45.8887   214       30.6139       57.6833    86933   88.42%x_ENSMUSP0000011 D    171    170     23
    174   127       45.1227   313       30.6139       57.6833    88052   88.42%x_ENSP0000033297 D    174    173     26
    175   128       44.9227   378       30.6139       57.6833    88516   88.42%x_ENSP0000035251 D    175    174     27
    178   131       41.9729   328       30.6139       57.6833    89699   88.42%x_ENSP0000000852 U    178    177     30
    179   132       41.4800   206       30.6139       57.6833    90239   88.42%x_ENSP0000033939 D    179    178     31
    185   138       33.0132   465       30.6139       57.6833    94137   88.42%y_ENSMUSP0000001 N    185    184     37
    186   139       32.9427   439       30.6139       57.6833    94181   88.42%x_ENSP0000026276 D    186    185     38
    189   142       32.8176   377       30.6139       57.6833    94449   88.42%x_ENSMUSP0000000 D    189    188     41
    198   151       32.4803   288       30.6139       57.6833    94989   88.42%x_ENSMUSP0000007 D    198    197     50
    199   152       32.3571   295       30.6139       57.6833    95198   88.42%x_ENSP0000036208 D    199    198     51
Elapsed time = 4344.37 sec. (1572646.27 ticks, tree = 22.03 MB, solutions = 1)
    203   156       32.0126   152       30.6139       57.6833    95515   88.42%x_ENSMUSP0000002 D    203    202     55
    205   154        cutoff             30.6139       57.6833    96497   88.42%x_ENSP0000036910 N    205    203     56
    207   152        cutoff             30.6139       57.6301    97477   88.25%x_ENSP0000033939 U    207     23     15
    209   154       45.5932   139       30.6139       57.1579    98969   86.71%mm_ENSMUSP000000 D    209    208     17
    214   157        cutoff             30.6139       57.1579   100211   86.71%x_ENSMUSP0000002 U    214    212     19
    217   160       43.3122   272       30.6139       57.1579   101033   86.71%x_ENSMUSP0000004 D    217    215     21
    221   160       42.2356   235       30.6139       57.1579   102211   86.71%x_ENSP0000025749 D    221    219     23
    222   161       41.9807   212       30.6139       57.1579   102546   86.71%x_ENSP0000024246 D    222    221     24
    229   164       41.2126   208       30.6139       57.1579   103339   86.71%x_ENSP0000035251 D    229    227     29
    232   167       34.6638   529       30.6139       57.1579   106646   86.71%x_ENSMUSP0000010 N    232    231     32
Elapsed time = 4619.32 sec. (1666136.71 ticks, tree = 22.46 MB, solutions = 1)
    236   169       36.4494   108       30.6139       57.1579   107660   86.71%x_ENSMUSP0000002 D    236    234     34
    239   172       36.3141   145       30.6139       57.1579   108031   86.71%y_ENSMUSP0000001 D    239    238     36
    242   174       32.0622   321       30.6139       57.1579   108715   86.71%x_ENSP0000034093 D    242    241     38
    244   175       31.9340    46       30.6139       57.1579   108925   86.71%x_ENSMUSP0000008 D    244    243     40
    247   177       31.9072   132       30.6139       57.1579   109159   86.71%x_ENSP0000029658 D    247    246     43
    250   178       31.8402    17       30.6139       57.1579   109250   86.71%x_ENSMUSP0000011 D    250    248     45
    253   180       31.6515    17       30.6139       57.1579   109792   86.71%x_ENSP0000028942 D    253    252     48
    257   180       49.1952   559       30.6139       56.2113   111651   83.61%x_ENSMUSP0000005 D    257     25     17
    258   180       48.4799   523       30.6139       56.2113   112227   83.61%x_ENSMUSP0000002 D    258    257     18
    260   182       48.1788   381       30.6139       56.2113   112882   83.61%x_ENSMUSP0000004 D    260    259     20
Elapsed time = 4858.86 sec. (1785275.53 ticks, tree = 22.95 MB, solutions = 1)
    262   184       46.7938   559       30.6139       56.2113   114622   83.61%x_ENSMUSP0000011 D    262    261     22
    264   186       46.5869   501       30.6139       56.2113   115214   83.61%           m_217 D    264    263     24
    266   188       46.1708   448       30.6139       56.2113   116567   83.61%mm_ENSMUSP000000 U    266    265     26
    268   190       45.3524   454       30.6139       56.2113   117453   83.61%x_ENSMUSP0000005 D    268    267     28
    269   191       41.9709   401       30.6139       56.2113   118732   83.61%x_ENSMUSP0000010 D    269    268     29
    272   194       41.1184   287       30.6139       56.2113   119573   83.61%x_ENSMUSP0000005 D    272    271     32
    274   196       39.1224   311       30.6139       56.2113   120595   83.61%x_ENSMUSP0000000 D    274    273     34
    275   197       39.0616   311       30.6139       56.2113   120775   83.61%mm_ENSP000002816 D    275    274     35
    278   200       38.3206   383       30.6139       56.2113   121887   83.61%x_ENSMUSP0000002 N    278    277     38
    280   202       37.6999   182       30.6139       56.2113   123479   83.61%x_ENSP0000025495 D    280    279     40
Elapsed time = 5161.38 sec. (1926189.93 ticks, tree = 23.56 MB, solutions = 1)
    283   205       37.4992   298       30.6139       56.2113   124906   83.61%x_ENSMUSP0000003 D    283    282     43
    287   209       37.3030   267       30.6139       56.2113   125910   83.61%x_ENSP0000021796 D    287    286     47
    288   210       36.9771   366       30.6139       56.2113   126713   83.61%x_ENSMUSP0000001 D    288    287     48
    292   213       36.8473   384       30.6139       56.2113   127282   83.61%mm_ENSP000003692 D    292    291     52
    294   215       36.7835   474       30.6139       56.2113   127531   83.61%x_ENSP0000025371 D    294    293     54
    296   217       36.6867   526       30.6139       56.2113   127995   83.61%mm_ENSMUSP000000 D    296    295     56
    300   221       36.3820   106       30.6139       56.2113   128721   83.61%x_ENSMUSP0000011 D    300    299     60
    301   222       35.4037   426       30.6139       56.2113   129976   83.61%x_ENSP0000028942 N    301    300     61
    305   226       35.3354   367       30.6139       56.2113   130394   83.61%x_ENSMUSP0000003 D    305    304     65
    309   230       35.3079   192       30.6139       56.2113   130532   83.61%x_ENSP0000028182 D    309    308     69
Elapsed time = 5435.09 sec. (2057521.36 ticks, tree = 24.41 MB, solutions = 1)
    314   235       35.2722   121       30.6139       56.2113   130806   83.61%x_ENSP0000036208 D    314    313     74
    316   237       35.0006    62       30.6139       56.2113   131463   83.61%x_ENSMUSP0000007 U    316    315     76
    317   237       34.9469   320       30.6139       56.2113   131599   83.61%x_ENSMUSP0000009 D    317    316     77
    322   242       34.7619   125       30.6139       56.2113   132280   83.61%mm_ENSP000002941 D    322    321     82
    326   242        cutoff             30.6139       56.2113   133132   83.61%x_ENSP0000026708 U    326    324     85
    328   242       31.9211   250       30.6139       55.1276   134545   80.07%x_ENSMUSP0000001 U    328     27     19
    329   243       31.6924   164       30.6139       55.1276   135190   80.07%x_ENSMUSP0000002 D    329    328     20
    331   242       31.2676   453       30.6139       55.1276   135738   80.07%          m_4125 U    331    329     21
    336   243       48.7175   379       30.6139       54.9826   137294   79.60%y_ENSP0000034520 D    336      5      5
    337   244       43.8581   570       30.6139       54.9826   138552   79.60%x_ENSP0000036026 D    337    336      6
Elapsed time = 5709.97 sec. (2200148.02 ticks, tree = 24.84 MB, solutions = 1)
    339   245       42.3879   647       30.6139       54.9826   139826   79.60%mm_ENSMUSP000001 D    339    338      8
    341   247       42.3774   669       30.6139       54.9826   140383   79.60%y_ENSP0000037921 D    341    340     10
    344   250       41.8133   445       30.6139       54.9826   141653   79.60%mm_ENSP000003054 D    344    343     13
    345   251       41.0379   549       30.6139       54.9826   142592   79.60%x_ENSP0000033939 D    345    344     14
    346   252       40.1306   496       30.6139       54.9826   143859   79.60%x_ENSMUSP0000002 D    346    345     15
    348   254       39.4125   504       30.6139       54.9826   145405   79.60%x_ENSP0000033995 D    348    347     17
    350   256       37.9898   530       30.6139       54.9826   147711   79.60%x_ENSMUSP0000011 D    350    349     19
    351   257       37.6186   436       30.6139       54.9826   148863   79.60%mm_ENSP000002745 U    351    350     20
    353   259       35.6988   484       30.6139       54.9826   151306   79.60%z_ENSMUSP0000003 D    353    352     22
    355   261       34.9182   445       30.6139       54.9826   153462   79.60%x_ENSP0000026577 N    355    354     24
Elapsed time = 5967.84 sec. (2283360.84 ticks, tree = 25.37 MB, solutions = 1)
    356   262       34.7287   504       30.6139       54.9826   154380   79.60%x_ENSMUSP0000005 U    356    355     25
    357   263       33.0397   450       30.6139       54.9826   156617   79.60%z_ENSMUSP0000000 D    357    356     26
    358   264       32.8003   404       30.6139       54.9826   157925   79.60%x_ENSP0000025749 D    358    357     27
    359   265       32.2465   274       30.6139       54.9826   159083   79.60%mm_ENSMUSP000000 U    359    358     28
    360   266       32.0530   353       30.6139       54.9826   160562   79.60%x_ENSMUSP0000010 D    360    359     29
    361   267       31.3363   305       30.6139       54.9826   162578   79.60%x_ENSMUSP0000005 D    361    360     30
    362   268       31.1074   286       30.6139       54.9826   163866   79.60%x_ENSP0000033297 D    362    361     31
    363   269       30.9295   284       30.6139       54.9826   165125   79.60%z_ENSMUSP0000000 D    363    362     32
    366   266        cutoff             30.6139       54.6776   166168   78.60%y_ENSP0000034520 U    366      5      5
    367   267       45.2048   354       30.6139       54.5209   167175   78.09%x_ENSP0000034520 D    367    106      6
Elapsed time = 6359.37 sec. (2451733.28 ticks, tree = 25.55 MB, solutions = 1)
    372   272       43.5521   321       30.6139       54.5209   168085   78.09%x_ENSP0000033939 D    372    371     11
    375   274       42.3097   414       30.6139       54.5209   168853   78.09%x_ENSMUSP0000002 D    375    374     14
    378   277       40.7832   329       30.6139       54.5209   169671   78.09%z_ENSMUSP0000003 D    378    377     17
    383   282       39.0388   330       30.6139       54.5209   171006   78.09%x_ENSP0000025749 D    383    382     22
    384   283       38.0879   501       30.6139       54.5209   172514   78.09%x_ENSMUSP0000011 N    384    383     23
    385   284       38.0571   422       30.6139       54.5209   172684   78.09%x_ENSMUSP0000005 U    385    384     24
    388   287       36.7985   303       30.6139       54.5209   173791   78.09%x_ENSP0000034118 D    388    387     27
    391   290       36.0115   334       30.6139       54.5209   174946   78.09%x_ENSP0000000852 D    391    390     30
    396   295       35.3570   247       30.6139       54.5209   175737   78.09%x_ENSMUSP0000001 D    396    395     35
    397   296       35.1525   299       30.6139       54.5209   176082   78.09%x_ENSP0000025495 D    397    396     36
Elapsed time = 6624.51 sec. (2564072.12 ticks, tree = 26.43 MB, solutions = 1)
    402   301       34.9038   242       30.6139       54.5209   176827   78.09%mm_ENSMUSP000000 D    402    401     41
    403   302       34.5780   304       30.6139       54.5209   177690   78.09%x_ENSP0000028182 D    403    402     42
    409   308       33.8833   411       30.6139       54.5209   178552   78.09%x_ENSP0000025371 D    409    408     48
    411   309       33.1432   447       30.6139       54.5209   179387   78.09%x_ENSP0000033176 N    411    410     50
    417   315       32.7702   315       30.6139       54.5209   180027   78.09%x_ENSMUSP0000002 D    417    416     56
    421   319       31.8539   152       30.6139       54.5209   180813   78.09%x_ENSP0000037945 D    421    420     60
    422   319       30.6253   107       30.6139       54.5209   181396   78.09%x_ENSMUSP0000007 D    422    421     61
    427   316       34.4751   332       30.6139       53.5001   183167   74.76%x_ENSP0000027452 D    427    109      9
    432   320       30.7683   290       30.6139       53.5001   184207   74.76%x_ENSMUSP0000002 D    432    431     14
    435   319       43.6618   509       30.6139       52.7236   185274   72.22%z_ENSMUSP0000003 U    435    111     11
Elapsed time = 6898.19 sec. (2677889.98 ticks, tree = 27.14 MB, solutions = 1)
    440   324       40.9241   375       30.6139       52.7236   186368   72.22%x_ENSMUSP0000002 D    440    439     16
    444   328       37.9629   314       30.6139       52.7236   187537   72.22%x_ENSMUSP0000011 D    444    443     20
    445   329       37.0191   531       30.6139       52.7236   188595   72.22%mm_ENSP000002745 N    445    444     21
    449   333       34.0118   382       30.6139       52.7236   189760   72.22%x_ENSP0000033297 D    449    448     25
    452   336       31.9871   308       30.6139       52.7236   191214   72.22%x_ENSP0000034118 D    452    451     28
    457   337        cutoff             30.6139       52.7236   191826   72.22%x_ENSMUSP0000010 U    457    455     32
    459   337       45.3734   387       30.6139       52.7177   193191   72.20%x_ENSMUSP0000005 U    459    112     12
    462   340       42.9838   541       30.6139       52.7177   194590   72.20%x_ENSMUSP0000002 D    462    461     15
    465   343       42.3567   419       30.6139       52.7177   196026   72.20%x_ENSMUSP0000011 D    465    464     18
    467   345       41.6190   454       30.6139       52.7177   197276   72.20%x_ENSMUSP0000004 D    467    466     20
Elapsed time = 7166.24 sec. (2752224.06 ticks, tree = 27.93 MB, solutions = 1)
    469   347       40.3499   428       30.6139       52.7177   199920   72.20%x_ENSP0000025749 D    469    468     22
    471   349       39.1603   342       30.6139       52.7177   201767   72.20%x_ENSMUSP0000010 D    471    470     24
    473   351       38.4444   423       30.6139       52.7177   205288   72.20%x_ENSP0000033297 D    473    472     26
    474   352       37.5061   298       30.6139       52.7177   207825   72.20%x_ENSP0000034118 D    474    473     27
    475   353       36.9505   270       30.6139       52.7177   210468   72.20%x_ENSP0000035251 D    475    474     28
    476   354       36.9373   298       30.6139       52.7177   211721   72.20%x_ENSP0000026577 D    476    475     29
    477   355       35.9628   484       30.6139       52.7177   215404   72.20%x_ENSMUSP0000002 N    477    476     30
    478   356       34.9421   326       30.6139       52.7177   217807   72.20%x_ENSMUSP0000000 D    478    477     31
    479   357       33.2075   217       30.6139       52.7177   221757   72.20%x_ENSP0000025495 D    479    478     32
    480   358       31.9678   328       30.6139       52.7177   225264   72.20%x_ENSP0000032134 D    480    479     33
Elapsed time = 7570.18 sec. (2883615.89 ticks, tree = 28.33 MB, solutions = 1)
    481   359       31.6227   333       30.6139       52.7177   227365   72.20%mm_ENSMUSP000000 D    481    480     34
    482   360       31.3286   278       30.6139       52.7177   229630   72.20%x_ENSP0000000852 D    482    481     35
    483   361       30.9021   322       30.6139       52.7177   231743   72.20%x_ENSMUSP0000001 D    483    482     36
    486   360       38.1165   224       30.6139       52.4236   233092   71.24%x_ENSMUSP0000002 D    486     28     20
    487   360       36.0093   430       30.6139       52.4236   234004   71.24%x_ENSMUSP0000002 D    487    486     21
    492   365       33.8724   343       30.6139       52.4236   236294   71.24%mm_ENSMUSP000000 D    492    490     25
    493   366       33.1798   215       30.6139       52.4236   237879   71.24%y_ENSP0000035167 D    493    492     26
    495   368       32.8129   209       30.6139       52.4236   239298   71.24%x_ENSP0000034520 U    495    494     28
    496   369       32.3280   254       30.6139       52.4236   240210   71.24%y_ENSP0000035260 D    496    495     29
    498   369       30.7077   345       30.6139       52.4236   243361   71.24%y_ENSMUSP0000002 D    498    496     30
Elapsed time = 8042.25 sec. (3083434.83 ticks, tree = 28.67 MB, solutions = 1)
    502   369       44.9795   520       30.6139       52.1225   244999   70.26%x_ENSP0000000852 U    502     30     22
    504   371       43.4483   318       30.6139       52.1225   246144   70.26%x_ENSMUSP0000004 D    504    503     24
    506   373       42.5993   361       30.6139       52.1225   247081   70.26%x_ENSP0000025749 D    506    505     26
    508   375       41.7671   420       30.6139       52.1225   248063   70.26%x_ENSP0000033297 D    508    507     28
    510   377       40.0519   274       30.6139       52.1225   249370   70.26%x_ENSP0000035251 D    510    509     30
    512   379       38.8356   564       30.6139       52.1225   250855   70.26%x_ENSP0000024246 N    512    511     32
    516   383       36.9327   169       30.6139       52.1225   251888   70.26%x_ENSP0000025495 D    516    515     36
    518   385       35.9385   355       30.6139       52.1225   252808   70.26%x_ENSMUSP0000002 D    518    517     38
    521   388       34.8096   345       30.6139       52.1225   253861   70.26%x_ENSMUSP0000001 D    521    520     41
    524   391       34.0760   336       30.6139       52.1225   254774   70.26%x_ENSMUSP0000003 D    524    523     44
Elapsed time = 8311.34 sec. (3168225.06 ticks, tree = 29.34 MB, solutions = 1)
    529   396       33.4536   310       30.6139       52.1225   255619   70.26%x_ENSMUSP0000003 D    529    528     49
    533   400       32.2665   162       30.6139       52.1225   256408   70.26%x_ENSMUSP0000001 D    533    532     53
    536   402       31.1485   317       30.6139       52.1225   257418   70.26%x_ENSMUSP0000011 D    536    535     56
    542   407       30.9178   323       30.6139       52.1225   257847   70.26%mm_ENSP000002627 D    542    541     62
    545   406       45.5455   446       30.6139       51.5781   259713   68.48%x_ENSP0000034857 U    545     31     23
    546   407       44.0755   245       30.6139       51.5781   261690   68.48%x_ENSMUSP0000002 D    546    545     24
    547   408       43.5455   133       30.6139       51.5781   262688   68.48%x_ENSMUSP0000004 D    547    546     25
    548   409       42.7510   416       30.6139       51.5781   265433   68.48%x_ENSP0000034118 D    548    547     26
    550   411       42.3981   103       30.6139       51.5781   267824   68.48%x_ENSP0000033297 D    550    549     28
    551   412       42.2662   448       30.6139       51.5781   268625   68.48%mm_ENSMUSP000000 D    551    550     29
Elapsed time = 8638.70 sec. (3268184.21 ticks, tree = 29.99 MB, solutions = 1)
    555   416       41.7147   352       30.6139       51.5781   271254   68.48%x_ENSP0000026463 D    555    554     33
    557   418       41.1557   362       30.6139       51.5781   275579   68.48%x_ENSMUSP0000007 U    557    556     35
    558   419       41.0825   335       30.6139       51.5781   277037   68.48%x_ENSP0000024246 D    558    557     36
    559   420       40.9228   292       30.6139       51.5781   278861   68.48%x_ENSMUSP0000002 D    559    558     37
    560   421       40.8616   368       30.6139       51.5781   280054   68.48%mm_ENSP000003692 D    560    559     38
    561   422       40.8095   393       30.6139       51.5781   281110   68.48%mm_ENSP000003563 D    561    560     39
    562   423       40.6432   399       30.6139       51.5781   283247   68.48%x_ENSP0000025371 D    562    561     40
    564   425       40.5191   410       30.6139       51.5781   285998   68.48%x_ENSMUSP0000008 D    564    563     42
    565   426       40.5112   367       30.6139       51.5781   286420   68.48%x_ENSMUSP0000011 D    565    564     43
    566   427       40.2873   292       30.6139       51.5781   290203   68.48%x_ENSP0000028942 D    566    565     44
Elapsed time = 9081.16 sec. (3459607.75 ticks, tree = 30.45 MB, solutions = 1)
    568   429       40.1851   276       30.6139       51.5781   292110   68.48%y_ENSMUSP0000001 D    568    567     46
    569   430       40.1322   251       30.6139       51.5781   293827   68.48%x_ENSMUSP0000000 U    569    568     47
    572   433       40.0019   223       30.6139       51.5781   296729   68.48%x_ENSMUSP0000009 D    572    571     50
    574   435       39.9201   257       30.6139       51.5781   298468   68.48%x_ENSP0000036910 D    574    573     52
    575   436       39.8756   312       30.6139       51.5781   299933   68.48%x_ENSP0000027123 D    575    574     53
    576   437       37.6951   524       30.6139       51.5781   319462   68.48%x_ENSMUSP0000005 N    576    575     54
    577   438       37.0404   272       30.6139       51.5781   323034   68.48%x_ENSP0000037945 U    577    576     55
    580   441       36.9625   223       30.6139       51.5781   324615   68.48%x_ENSP0000034534 D    580    579     58
    583   444       36.9024   265       30.6139       51.5781   326058   68.48%mm_ENSP000003709 D    583    582     61
    585   446       36.8470   157       30.6139       51.5781   327024   68.48%x_ENSP0000033039 D    585    584     63
Elapsed time = 9653.44 sec. (3760231.06 ticks, tree = 31.03 MB, solutions = 1)
    586   447       36.8172   170       30.6139       51.5781   327994   68.48%y_ENSMUSP0000002 D    586    585     64
    588   449       36.7704   224       30.6139       51.5781   330099   68.48%x_ENSP0000035518 D    588    587     66
    589   450       36.7647   197       30.6139       51.5781   330246   68.48%x_ENSP0000034603 D    589    588     67
    592   453       36.7396   220       30.6139       51.5781   331885   68.48%mm_ENSMUSP000000 D    592    591     70
    593   454       36.7378   225       30.6139       51.5781   332092   68.48%x_ENSP0000033438 D    593    592     71
    595   456       36.6796   146       30.6139       51.5781   332991   68.48%mm_ENSP000003184 D    595    594     73
    598   459       36.6019   198       30.6139       51.5781   337086   68.48%x_ENSMUSP0000011 D    598    597     76
    599   460       36.3649   147       30.6139       51.5781   339478   68.48%x_ENSMUSP0000007 D    599    598     77
    600   461       36.2411   264       30.6139       51.5781   341995   68.48%x_ENSMUSP0000002 D    600    599     78
    602   463       35.8144   135       30.6139       51.5781   346967   68.48%x_ENSP0000032044 D    602    601     80
Elapsed time = 10064.14 sec. (4018701.38 ticks, tree = 31.55 MB, solutions = 1)
    603   464       35.8002   227       30.6139       51.5781   347973   68.48%mm_ENSMUSP000000 D    603    602     81
    606   467       35.5606   129       30.6139       51.5781   350911   68.48%x_ENSP0000037588 U    606    605     84
    607   468       35.5097   130       30.6139       51.5781   352218   68.48%x_ENSP0000033532 D    607    606     85
    608   469       35.4275   134       30.6139       51.5781   353707   68.48%x_ENSP0000028124 D    608    607     86
    609   468        cutoff             30.6139       51.5781   355581   68.48%x_ENSP0000036319 N    609    608     87
    610   467        cutoff             30.6139       51.5781   356841   68.48%x_ENSP0000036319 U    610    608     87
    613   466       49.5182   476       30.6139       50.1800   357974   63.91%x_ENSP0000024226 D    613     34     26
    615   468       47.6553   513       30.6139       50.1800   360013   63.91%x_ENSMUSP0000004 D    615    614     28
    617   470       45.9500   470       30.6139       50.1800   361785   63.91%x_ENSP0000034520 U    617    616     30
    618   471       47.0108   140       30.6139       50.1800   364064   63.91%x_ENSP0000034520 D    618    616     30
Elapsed time = 10372.00 sec. (4212523.43 ticks, tree = 31.80 MB, solutions = 1)
    619   472       45.2441   497       30.6139       50.1800   366871   63.91%x_ENSP0000033297 D    619    618     31
    621   474       44.0622   367       30.6139       50.1800   369968   63.91%x_ENSP0000034118 D    621    620     33
    622   475       43.7207   318       30.6139       50.1800   372000   63.91%x_ENSP0000035251 D    622    621     34
    623   476       42.0481   384       30.6139       50.1800   375601   63.91%x_ENSMUSP0000007 U    623    622     35
    624   477       43.1886   127       30.6139       50.1800   377502   63.91%x_ENSMUSP0000007 D    624    622     35
    625   478       42.5057   139       30.6139       50.1800   380716   63.91%          m_3641 D    625    624     36
    626   479       40.8404   376       30.6139       50.1800   384730   63.91%          m_3641 U    626    624     36
    627   480       41.5390   146       30.6139       50.1800   387969   63.91%x_ENSP0000026463 D    627    625     37
    629   482       40.4669   518       30.6139       50.1800   395103   63.91%x_ENSP0000021796 D    629    628     39
    630   481        cutoff             30.6139       50.1800   397998   63.91%x_ENSP0000021796 U    630    628     39
Elapsed time = 10757.44 sec. (4409158.52 ticks, tree = 32.11 MB, solutions = 1)
    631   482       40.4415   500       30.6139       50.1800   398905   63.91%mm_ENSP000002745 U    631    629     40
    632   483       40.3397   240       30.6139       50.1800   401059   63.91%x_ENSMUSP0000002 D    632    631     41
    633   484       40.0644   380       30.6139       50.1800   404608   63.91%x_ENSMUSP0000001 D    633    632     42
    634   485       39.9759   327       30.6139       50.1800   405498   63.91%mm_ENSMUSP000000 D    634    633     43
    635   486       39.8460   392       30.6139       50.1800   406988   63.91%x_ENSMUSP0000003 D    635    634     44
    636   487       39.7765   290       30.6139       50.1800   409283   63.91%x_ENSP0000025495 D    636    635     45
    637   488       39.7568   358       30.6139       50.1800   411501   63.91%mm_ENSP000003563 D    637    636     46
    638   489       39.5744   463       30.6139       50.1800   413651   63.91%x_ENSMUSP0000008 D    638    637     47
    640   489        cutoff             30.6139       50.1800   415253   63.91%x_ENSMUSP0000011 U    640    638     48
    642   491       39.4422   418       30.6139       50.1800   416987   63.91%x_ENSMUSP0000001 D    642    641     50
Elapsed time = 11159.87 sec. (4671939.05 ticks, tree = 32.42 MB, solutions = 1)
    643   492       39.4151   417       30.6139       50.1800   417940   63.91%x_ENSMUSP0000006 D    643    642     51
    644   493       39.3980   403       30.6139       50.1800   419185   63.91%x_ENSP0000029129 D    644    643     52
    645   494       39.3774   385       30.6139       50.1800   419917   63.91%x_ENSMUSP0000003 D    645    644     53
    647   496       39.3061   232       30.6139       50.1800   421769   63.91%x_ENSP0000028942 D    647    646     55
    648   495        cutoff             30.6139       50.1800   463318   63.91%x_ENSP0000025371 N    648    647     56
    649   494        cutoff             30.6139       50.1800   466046   63.91%x_ENSP0000025371 U    649    647     56
    651   492        cutoff             30.6139       50.1076   466510   63.68%mm_ENSMUSP000000 U    651    114     14
    653   490        cutoff             30.6139       50.0417   466931   63.46%z_ENSMUSP0000002 D    653    116     16
    654   489        cutoff             30.6139       50.0393   467190   63.45%x_ENSMUSP0000011 U    654    115     15
    655   490       47.0928   393       30.6139       50.0344   468768   63.44%x_ENSP0000039315 D    655    163     16
Elapsed time = 11807.72 sec. (4986626.83 ticks, tree = 27.61 MB, solutions = 1)
    657   492       44.8933   475       30.6139       50.0344   470745   63.44%x_ENSP0000033939 D    657    656     18
    658   493       44.7611   397       30.6139       50.0344   471121   63.44%x_ENSP0000027452 U    658    657     19
    660   495       44.2933   479       30.6139       50.0344   472248   63.44%x_ENSP0000034520 U    660    659     21
    662   497       43.3560   385       30.6139       50.0344   474569   63.44%x_ENSP0000025749 D    662    661     23
    663   498       40.4752   322       30.6139       50.0344   477533   63.44%x_ENSMUSP0000010 D    663    662     24
    664   499       39.9362   306       30.6139       50.0344   478602   63.44%x_ENSMUSP0000005 D    664    663     25
    665   500       39.4048   312       30.6139       50.0344   479488   63.44%x_ENSP0000034857 D    665    664     26
    666   501       39.3313   275       30.6139       50.0344   480360   63.44%x_ENSP0000033297 D    666    665     27
    668   503       38.1556   296       30.6139       50.0344   483372   63.44%x_ENSMUSP0000000 D    668    667     29

Zero-half cuts applied:  1
User cuts applied:  14370

Root node processing (before b&c):
  Real time             = 1525.27 sec. (402456.93 ticks)
Sequential b&c:
  Real time             = 10474.76 sec. (4690897.99 ticks)
                          ------------
Total (root+branch&cut) = 12000.03 sec. (5093354.93 ticks)
Solved in 12004.9s
	Command being timed: "timeout 12500s /home/hsoueidan/xheinz/build/xHeinz_git_user_cuts -n1 48h/mouse_MA_scores_0.01_corrected_ensp_induced.tsv -n2 48h/human_MA_scores_0.01_corrected_ensp_induced.tsv -e1 /home/hsoueidan/xheinz/data/Th17/STRING/mmu-no_UBC.txt -e2 /home/hsoueidan/xheinz/data/Th17/STRING/hsa-no_UBC_no_SUMO2.txt -t 12000 -rt 2000 -cog data/ensembl_cog_ALL.tsv -a 0.99"
	User time (seconds): 11927.95
	System time (seconds): 117.25
	Percent of CPU this job got: 100%
	Elapsed (wall clock) time (h:mm:ss or m:ss): 3:20:41
	Average shared text size (kbytes): 0
	Average unshared data size (kbytes): 0
	Average stack size (kbytes): 0
	Average total size (kbytes): 0
	Maximum resident set size (kbytes): 12785792
	Average resident set size (kbytes): 0
	Major (requiring I/O) page faults: 0
	Minor (reclaiming a frame) page faults: 13600185
	Voluntary context switches: 1280
	Involuntary context switches: 15451
	Swaps: 0
	File system inputs: 0
	File system outputs: 0
	Socket messages sent: 0
	Socket messages received: 0
	Signals delivered: 0
	Page size (bytes): 4096
	Exit status: 0
