intEpsilon: 1e-05
cutEpsilon: 1e-05
Warning: Control callbacks may disable some MIP features.
Lazy constraint(s) or lazy constraint callback is present.
    Disabling dual reductions (CPX_PARAM_REDUCE) in presolve.
Clique table members: 117970.
MIP emphasis: balance optimality and feasibility.
MIP search method: traditional branch-and-cut.
Parallel mode: none, using 1 thread.
Root relaxation solution time = 739.35 sec. (117052.81 ticks)

        Nodes                                         Cuts/
   Node  Left     Objective  IInf  Best Integer    Best Bound    ItCnt     Gap         Variable B NodeID Parent  Depth

      0     0       19.2609     7                     19.2609    44041         
*     0+    0                           14.3114       19.2609    44041   34.58%
      0     0       19.0595     7       14.3114   ZeroHalf: 2    44083   33.18%
      0     0       17.3598    17       14.3114 UserPurge1: 16    44143   21.30%
      0     0       17.2927    21       14.3114 UserPurge1: 13    44165   20.83%
      0     0       17.2426     6       14.3114 UserPurge1: 13    44176   20.48%
      0     0       16.9463    15       14.3114 UserPurge1: 12    44229   18.41%
      0     0       16.9014    25       14.3114 UserPurge1: 11    44236   18.10%
      0     0       16.8902    26       14.3114 UserPurge1: 12    44243   18.02%
      0     0       16.8360    22       14.3114 UserPurge1: 14    44249   17.64%
      0     0       16.7947    26       14.3114 UserPurge1: 13    44266   17.35%
      0     0       16.7850    14       14.3114 UserPurge1: 13    44274   17.28%
      0     0       16.7716    18       14.3114 UserPurge1: 10    44282   17.19%
      0     0       16.7538    11       14.3114 UserPurge1: 11    44290   17.07%
      0     0       16.6550    30       14.3114 UserPurge1: 12    44347   16.38%
      0     0       16.6217    19       14.3114 UserPurge1: 16    44351   16.14%
      0     0       16.6193    32       14.3114 UserPurge1: 14    44358   16.13%
      0     0       16.5293    32       14.3114 UserPurge1: 18    44374   15.50%
      0     0       16.5124    31       14.3114 UserPurge1: 12    44377   15.38%
      0     0       16.4730    23       14.3114 UserPurge1: 10    44390   15.10%
      0     0       16.4479    32       14.3114 UserPurge1: 13    44398   14.93%
      0     0       16.4255    35       14.3114 UserPurge1: 9    44401   14.77%
      0     0       16.4252    14       14.3114 UserPurge1: 11    44404   14.77%
      0     0       16.3668    33       14.3114 UserPurge1: 12    44425   14.36%
      0     0       16.3400    19       14.3114 UserPurge1: 10    44436   14.17%
      0     0       16.3229    36       14.3114 UserPurge1: 9    44442   14.05%
      0     0       16.2954    38       14.3114 UserPurge1: 9    44448   13.86%
      0     0       16.2900    32       14.3114 UserPurge1: 9    44451   13.82%
      0     0       16.2794    34       14.3114 UserPurge1: 11    44459   13.75%
      0     0       16.2741    28       14.3114 UserPurge1: 9    44462   13.71%
      0     0       16.2526    38       14.3114 UserPurge1: 12    44472   13.56%
      0     0       16.2368    53       14.3114 UserPurge1: 9    44478   13.45%
      0     0       16.1590    17       14.3114 UserPurge1: 9    44505   12.91%
      0     0       16.1578    28       14.3114 UserPurge1: 1    44507   12.90%
      0     0       16.1567    17       14.3114 UserPurge1: 1    44509   12.89%
      0     0       16.1560    30       14.3114 UserPurge1: 1    44511   12.89%
      0     0       16.1558    20       14.3114 UserPurge1: 1    44513   12.89%
      0     0       16.1553    32       14.3114 UserPurge1: 1    44515   12.88%
      0     0       16.1511    18       14.3114 UserPurge1: 1    44520   12.85%
      0     0       16.1482    30       14.3114 UserPurge1: 1    44522   12.83%
      0     0       16.1459    18       14.3114 UserPurge1: 1    44527   12.82%
      0     0       16.1449    21       14.3114 UserPurge1: 1    44530   12.81%
      0     0       16.1419    30       14.3114 UserPurge1: 1    44535   12.79%
      0     0       16.1416    19       14.3114 UserPurge1: 1    44536   12.79%
      0     0       16.1413    32       14.3114 UserPurge1: 1    44538   12.79%
      0     0       16.1360    18       14.3114 UserPurge1: 1    44542   12.75%
      0     0       16.1348    21       14.3114 UserPurge1: 1    44549   12.74%
      0     0       16.1342    30       14.3114 UserPurge1: 1    44554   12.74%
      0     0       16.1342    18       14.3114 UserPurge1: 1    44555   12.74%
      0     0       16.1338    31       14.3114 UserPurge1: 1    44561   12.73%
      0     0       16.1328    29       14.3114 UserPurge1: 1    44564   12.73%
      0     0       16.1323    27       14.3114 UserPurge1: 1    44566   12.72%
      0     0       16.1321    33       14.3114 UserPurge1: 1    44567   12.72%
      0     0       16.1309    31       14.3114 UserPurge1: 1    44575   12.71%
      0     0       16.1305    32       14.3114 UserPurge1: 1    44578   12.71%
      0     0       16.1303    34       14.3114 UserPurge1: 1    44579   12.71%
      0     0       16.1288    31       14.3114 UserPurge1: 1    44584   12.70%
      0     0       16.1280    32       14.3114 UserPurge1: 1    44588   12.69%
      0     0       16.1274    33       14.3114 UserPurge1: 1    44593   12.69%
      0     0       16.1271    33       14.3114 UserPurge1: 1    44596   12.69%
      0     0       16.1262    34       14.3114 UserPurge1: 1    44601   12.68%
      0     0       16.1260    17       14.3114 UserPurge1: 1    44602   12.68%
      0     0       16.1252    33       14.3114 UserPurge1: 1    44607   12.67%
      0     0       16.1239    36       14.3114 UserPurge1: 1    44610   12.66%
      0     0       16.1189    17       14.3114 UserPurge1: 1    44616   12.63%
      0     0       16.1179    30       14.3114 UserPurge1: 1    44621   12.62%
      0     0       16.1175    18       14.3114 UserPurge1: 1    44622   12.62%
      0     0       16.1169    31       14.3114 UserPurge1: 1    44623   12.62%
      0     0       16.1147    30       14.3114 UserPurge1: 1    44625   12.60%
      0     0       16.1142    32       14.3114 UserPurge1: 1    44627   12.60%
      0     0       16.1139    18       14.3114 UserPurge1: 1    44628   12.59%
      0     0       16.1131     9       14.3114 UserPurge1: 1    44632   12.59%
      0     0       16.1120    22       14.3114 UserPurge1: 1    44637   12.58%
      0     0       16.1117    18       14.3114 UserPurge1: 1    44638   12.58%
      0     0       16.1105    24       14.3114 UserPurge1: 1    44641   12.57%
      0     0       16.1101    29       14.3114 UserPurge1: 1    44643   12.57%
      0     0       16.1084    33       14.3114 UserPurge1: 1    44648   12.56%
      0     0       16.1062    33       14.3114 UserPurge1: 1    44651   12.54%
      0     0       16.1004    23       14.3114 UserPurge1: 1    44658   12.50%
      0     0       16.0994    18       14.3114 UserPurge1: 1    44660   12.49%
      0     0       16.0989    24       14.3114 UserPurge1: 1    44661   12.49%
      0     0       16.0984    26       14.3114 UserPurge1: 1    44663   12.49%
      0     0       16.0969    33       14.3114 UserPurge1: 1    44669   12.48%
      0     0       16.0964    17       14.3114 UserPurge1: 1    44670   12.47%
      0     0       16.0948    21       14.3114 UserPurge1: 1    44676   12.46%
      0     0       16.0940    20       14.3114 UserPurge1: 1    44679   12.46%
      0     0       16.0927    22       14.3114 UserPurge1: 1    44683   12.45%
      0     0       16.0926    25       14.3114 UserPurge1: 1    44684   12.45%
      0     0       16.0914    17       14.3114 UserPurge1: 1    44690   12.44%
      0     0       16.0911    25       14.3114 UserPurge1: 1    44693   12.44%
      0     0       16.0906    17       14.3114 UserPurge1: 1    44695   12.43%
      0     0       16.0904    29       14.3114 UserPurge1: 1    44699   12.43%
      0     0       16.0901    24       14.3114 UserPurge1: 1    44704   12.43%
      0     0       16.0898    28       14.3114 UserPurge1: 1    44708   12.43%
      0     0       16.0896    26       14.3114 UserPurge1: 1    44713   12.42%
      0     0       16.0895    29       14.3114 UserPurge1: 1    44719   12.42%
      0     0       16.0894    31       14.3114 UserPurge1: 1    44723   12.42%
      0     0       16.0887    29       14.3114 UserPurge1: 1    44731   12.42%
      0     0       16.0882    29       14.3114 UserPurge1: 1    44734   12.42%
      0     0       16.0882    24       14.3114 UserPurge1: 1    44735   12.41%
      0     0       16.0881    32       14.3114 UserPurge1: 1    44737   12.41%
      0     0       16.0863    22       14.3114 UserPurge1: 1    44746   12.40%
      0     0       16.0858    33       14.3114 UserPurge1: 1    44749   12.40%
      0     0       16.0856    18       14.3114 UserPurge1: 1    44751   12.40%
      0     0       16.0852    26       14.3114 UserPurge1: 1    44757   12.39%
      0     0       16.0850    17       14.3114 UserPurge1: 1    44758   12.39%
      0     0       16.0850    17       14.3114 UserPurge1: 1    44759   12.39%
      0     0       16.0848    31       14.3114 UserPurge1: 1    44763   12.39%
      0     0       16.0844    36       14.3114 UserPurge1: 1    44772   12.39%
      0     0       16.0841    31       14.3114 UserPurge1: 1    44775   12.39%
      0     0       16.0831    36       14.3114 UserPurge1: 1    44782   12.38%
      0     0       16.0830    18       14.3114 UserPurge1: 1    44783   12.38%
      0     0       16.0827    38       14.3114 UserPurge1: 1    44785   12.38%
      0     0       16.0822    18       14.3114 UserPurge1: 1    44786   12.37%
      0     0       16.0813    19       14.3114 UserPurge1: 1    44791   12.37%
      0     0       16.0811    22       14.3114 UserPurge1: 1    44792   12.37%
      0     0       16.0809    17       14.3114 UserPurge1: 1    44796   12.36%
      0     0       16.0809    38       14.3114 UserPurge1: 1    44797   12.36%
      0     0       16.0797    22       14.3114 UserPurge1: 1    44803   12.36%
      0     0       16.0793    37       14.3114 UserPurge1: 1    44807   12.35%
      0     0       16.0787     9       14.3114 UserPurge1: 1    44812   12.35%
      0     0       16.0779    35       14.3114 UserPurge1: 1    44819   12.34%
      0     0       16.0769    37       14.3114 UserPurge1: 1    44824   12.34%
      0     0       16.0768    18       14.3114 UserPurge1: 1    44825   12.34%
      0     0       16.0764    36       14.3114 UserPurge1: 1    44837   12.33%
      0     0       16.0760    18       14.3114 UserPurge1: 1    44838   12.33%
      0     0       16.0753    37       14.3114 UserPurge1: 1    44843   12.32%
      0     0       16.0742    25       14.3114 UserPurge1: 1    44849   12.32%
      0     0       16.0738    39       14.3114 UserPurge1: 1    44855   12.31%
      0     0       16.0726    39       14.3114 UserPurge1: 1    44871   12.31%
      0     0       16.0721    33       14.3114 UserPurge1: 1    44876   12.30%
      0     0       16.0715    35       14.3114 UserPurge1: 1    44883   12.30%
      0     0       16.0713    38       14.3114 UserPurge1: 1    44887   12.30%
      0     0       16.0704    17       14.3114 UserPurge1: 1    44895   12.29%
      0     0       16.0703    37       14.3114 UserPurge1: 1    44898   12.29%
      0     0       16.0699    37       14.3114 UserPurge1: 1    44907   12.29%
      0     0       16.0696    40       14.3114 UserPurge1: 1    44921   12.29%
      0     0       16.0687    39       14.3114 UserPurge1: 1    44929   12.28%
      0     0       16.0682    39       14.3114 UserPurge1: 1    44935   12.28%
      0     0       16.0680    17       14.3114 UserPurge1: 1    44936   12.27%
      0     0       16.0676    38       14.3114 UserPurge1: 1    44947   12.27%
      0     0       16.0664    38       14.3114 UserPurge1: 1    44956   12.26%
      0     0       16.0661    40       14.3114 UserPurge1: 1    44967   12.26%
      0     0       16.0658    40       14.3114 UserPurge1: 1    44971   12.26%
      0     0       16.0646    34       14.3114 UserPurge1: 1    44985   12.25%
      0     0       16.0640     9       14.3114 UserPurge1: 1    44988   12.25%
      0     0       16.0629    40       14.3114 UserPurge1: 1    44994   12.24%
      0     0       16.0628    17       14.3114 UserPurge1: 1    44995   12.24%
      0     0       16.0626    20       14.3114 UserPurge1: 1    44998   12.24%
      0     0       16.0625    38       14.3114 UserPurge1: 1    45004   12.24%
      0     0       16.0624    41       14.3114 UserPurge1: 1    45005   12.24%
      0     0       16.0620    11       14.3114 UserPurge1: 1    45013   12.23%
      0     0       16.0611    32       14.3114 UserPurge1: 1    45020   12.23%
      0     0       16.0609    43       14.3114 UserPurge1: 1    45024   12.22%
      0     0       16.0579    33       14.3114 UserPurge1: 1    45040   12.20%
      0     0       16.0578    37       14.3114 UserPurge1: 1    45043   12.20%
      0     0       16.0570    35       14.3114 UserPurge1: 1    45052   12.20%
      0     0       16.0567    22       14.3114 UserPurge1: 1    45059   12.19%
      0     0       16.0567    31       14.3114 UserPurge1: 1    45060   12.19%
      0     0       16.0565    39       14.3114 UserPurge1: 1    45065   12.19%
      0     0       16.0561    37       14.3114 UserPurge1: 1    45070   12.19%
      0     0       16.0559    41       14.3114 UserPurge1: 1    45074   12.19%
      0     0       16.0556    41       14.3114 UserPurge1: 1    45081   12.19%
      0     0       16.0554    17       14.3114 UserPurge1: 1    45082   12.19%
      0     0       16.0550    31       14.3114 UserPurge1: 1    45089   12.18%
      0     0       16.0543    40       14.3114 UserPurge1: 1    45100   12.18%
      0     0       16.0540    34       14.3114 UserPurge1: 1    45107   12.18%
      0     0       16.0538    40       14.3114 UserPurge1: 1    45120   12.17%
      0     0       16.0532    40       14.3114 UserPurge1: 1    45134   12.17%
      0     0       16.0532    38       14.3114 UserPurge1: 1    45140   12.17%
      0     0       16.0531    17       14.3114 UserPurge1: 1    45141   12.17%
      0     0       16.0531    42       14.3114 UserPurge1: 1    45148   12.17%
      0     0       16.0527    37       14.3114 UserPurge1: 1    45163   12.17%
      0     0       16.0520    40       14.3114 UserPurge1: 1    45179   12.16%
      0     0       16.0518    39       14.3114 UserPurge1: 1    45186   12.16%
      0     0       16.0517    42       14.3114 UserPurge1: 1    45191   12.16%
      0     0       16.0516    43       14.3114 UserPurge1: 1    45201   12.16%
      0     0       16.0516    17       14.3114 UserPurge1: 1    45202   12.16%
      0     0       16.0515    43       14.3114 UserPurge1: 1    45209   12.16%
      0     0       16.0505    40       14.3114 UserPurge1: 1    45224   12.15%
      0     0       16.0499    35       14.3114 UserPurge1: 1    45232   12.15%
      0     0       16.0495    42       14.3114 UserPurge1: 1    45234   12.14%
      0     0       16.0490    40       14.3114 UserPurge1: 1    45245   12.14%
      0     0       16.0487    40       14.3114 UserPurge1: 1    45254   12.14%
      0     0       16.0486    42       14.3114 UserPurge1: 1    45260   12.14%
      0     0       16.0483    43       14.3114 UserPurge1: 1    45272   12.14%
      0     0       16.0480    17       14.3114 UserPurge1: 1    45280   12.13%
      0     0       16.0478    46       14.3114 UserPurge1: 1    45283   12.13%
      0     0       16.0459    18       14.3114 UserPurge1: 1    45295   12.12%
      0     0       16.0449    37       14.3114 UserPurge1: 1    45308   12.11%
      0     0       16.0440    41       14.3114 UserPurge1: 1    45323   12.11%
      0     0       16.0438    42       14.3114 UserPurge1: 1    45330   12.10%
      0     0       16.0435    45       14.3114 UserPurge1: 1    45335   12.10%
      0     0       16.0429    44       14.3114 UserPurge1: 1    45355   12.10%
      0     0       16.0420    41       14.3114 UserPurge1: 1    45367   12.09%
      0     0       16.0402    17       14.3114 UserPurge1: 1    45372   12.08%
      0     0       16.0399    41       14.3114 UserPurge1: 1    45378   12.08%
      0     0       16.0386    43       14.3114 UserPurge1: 1    45399   12.07%
      0     0       16.0380    44       14.3114 UserPurge1: 1    45417   12.06%
      0     0       16.0378    44       14.3114 UserPurge1: 1    45428   12.06%
      0     0       16.0376    42       14.3114 UserPurge1: 1    45439   12.06%
      0     0       16.0373    48       14.3114 UserPurge1: 1    45452   12.06%
      0     0       16.0369    45       14.3114 UserPurge1: 1    45472   12.06%
      0     0       16.0364    39       14.3114 UserPurge1: 1    45488   12.05%
      0     0       16.0362    44       14.3114 UserPurge1: 1    45498   12.05%
      0     0       16.0344    43       14.3114 UserPurge1: 1    45520   12.04%
      0     0       16.0335    36       14.3114 UserPurge1: 1    45531   12.03%
      0     0       16.0330    18       14.3114 UserPurge1: 1    45541   12.03%
      0     0       16.0329    42       14.3114 UserPurge1: 1    45548   12.03%
      0     0       16.0323    43       14.3114 UserPurge1: 1    45561   12.02%
      0     0       16.0319    39       14.3114 UserPurge1: 1    45575   12.02%
      0     0       16.0316    46       14.3114 UserPurge1: 1    45583   12.02%
      0     0       16.0311    17       14.3114 UserPurge1: 1    45584   12.02%
      0     0       16.0309    41       14.3114 UserPurge1: 1    45600   12.01%
      0     0       16.0302    46       14.3114 UserPurge1: 1    45623   12.01%
      0     0       16.0291    47       14.3114 UserPurge1: 1    45644   12.00%
      0     0       16.0288    18       14.3114 UserPurge1: 1    45648   12.00%
      0     0       16.0287    45       14.3114 UserPurge1: 1    45655   12.00%
      0     0       16.0279    43       14.3114 UserPurge1: 1    45670   11.99%
      0     0       16.0273    41       14.3114 UserPurge1: 1    45693   11.99%
      0     0       16.0271    39       14.3114 UserPurge1: 1    45703   11.99%
      0     0       16.0263    48       14.3114 UserPurge1: 1    45720   11.98%
      0     0       16.0261    48       14.3114 UserPurge1: 1    45734   11.98%
      0     0       16.0258    48       14.3114 UserPurge1: 1    45745   11.98%
      0     0       16.0255    49       14.3114 UserPurge1: 1    45754   11.98%
      0     0       16.0244    46       14.3114 UserPurge1: 1    45781   11.97%
      0     0       16.0241    17       14.3114 UserPurge1: 1    45783   11.97%
      0     0       16.0240    18       14.3114 UserPurge1: 1    45784   11.97%
      0     0       16.0238    44       14.3114 UserPurge1: 1    45797   11.97%
      0     0       16.0238    45       14.3114 UserPurge1: 1    45798   11.96%
      0     0       16.0236     9       14.3114 UserPurge1: 1    45799   11.96%
      0     0       16.0227    48       14.3114 UserPurge1: 1    45811   11.96%
      0     0       16.0217    47       14.3114 UserPurge1: 1    45836   11.95%
      0     0       16.0207    48       14.3114 UserPurge1: 1    45856   11.94%
      0     0       16.0196    45       14.3114 UserPurge1: 1    45874   11.94%
      0     0       16.0194    44       14.3114 UserPurge1: 1    45882   11.93%
      0     0       16.0192    47       14.3114 UserPurge1: 1    45891   11.93%
      0     0       16.0192    17       14.3114 UserPurge1: 1    45892   11.93%
      0     0       16.0191    47       14.3114 UserPurge1: 1    45903   11.93%
      0     0       16.0189    47       14.3114 UserPurge1: 1    45915   11.93%
      0     0       16.0188    47       14.3114 UserPurge1: 1    45921   11.93%
      0     0       16.0185    49       14.3114 UserPurge1: 1    45930   11.93%
      0     0       16.0183    49       14.3114 UserPurge1: 1    45949   11.93%
      0     0       16.0180    50       14.3114 UserPurge1: 1    45961   11.92%
      0     0       16.0177    48       14.3114 UserPurge1: 1    45988   11.92%
      0     0       16.0177    51       14.3114 UserPurge1: 1    45994   11.92%
      0     0       16.0172    49       14.3114 UserPurge1: 1    46022   11.92%
      0     0       16.0168    51       14.3114 UserPurge1: 1    46040   11.92%
      0     0       16.0167    49       14.3114 UserPurge1: 1    46047   11.92%
      0     0       16.0167    50       14.3114 UserPurge1: 1    46054   11.92%
      0     0       16.0164    46       14.3114 UserPurge1: 1    46070   11.91%
      0     0       16.0163     9       14.3114 UserPurge1: 1    46073   11.91%
      0     0       16.0159    48       14.3114 UserPurge1: 1    46090   11.91%
      0     0       16.0144    41       14.3114 UserPurge1: 1    46111   11.90%
      0     0       16.0138    49       14.3114 UserPurge1: 1    46124   11.90%
      0     0       16.0135    17       14.3114 UserPurge1: 1    46134   11.89%
      0     0       16.0135    51       14.3114 UserPurge1: 1    46146   11.89%
      0     0       16.0132    22       14.3114 UserPurge1: 1    46157   11.89%
      0     0       16.0132    57       14.3114 UserPurge1: 1    46161   11.89%
      0     0       16.0119    52       14.3114 UserPurge1: 1    46184   11.88%
      0     0       16.0112    18       14.3114 UserPurge1: 1    46194   11.88%
      0     0       16.0110    23       14.3114 UserPurge1: 1    46201   11.88%
      0     0       16.0107    17       14.3114 UserPurge1: 1    46208   11.87%
      0     0       16.0107    46       14.3114 UserPurge1: 1    46213   11.87%
      0     0       16.0106    23       14.3114 UserPurge1: 1    46215   11.87%
      0     0       16.0106    47       14.3114 UserPurge1: 1    46216   11.87%
      0     0       16.0104    14       14.3114 UserPurge1: 1    46219   11.87%
      0     0       16.0092    46       14.3114 UserPurge1: 1    46235   11.86%
      0     0       16.0084    46       14.3114 UserPurge1: 1    46251   11.86%
      0     0       16.0079    48       14.3114 UserPurge1: 1    46261   11.85%
      0     0       16.0069    23       14.3114 UserPurge1: 1    46278   11.85%
      0     0       16.0068    49       14.3114 UserPurge1: 1    46289   11.85%
      0     0       16.0062    17       14.3114 UserPurge1: 1    46299   11.84%
      0     0       16.0061    47       14.3114 UserPurge1: 1    46315   11.84%
      0     0       16.0051    48       14.3114 UserPurge1: 1    46338   11.83%
      0     0       16.0048    17       14.3114 UserPurge1: 1    46354   11.83%
      0     0       16.0048    51       14.3114 UserPurge1: 1    46357   11.83%
      0     0       16.0047    52       14.3114 UserPurge1: 1    46369   11.83%
      0     0       16.0042    49       14.3114 UserPurge1: 1    46388   11.83%
      0     0       16.0036    48       14.3114 UserPurge1: 1    46410   11.82%
      0     0       16.0029    47       14.3114 UserPurge1: 1    46435   11.82%
      0     0       16.0027    47       14.3114 UserPurge1: 1    46451   11.82%
      0     0       16.0024    49       14.3114 UserPurge1: 1    46458   11.82%
      0     0       16.0020    49       14.3114 UserPurge1: 1    46480   11.81%
      0     0       16.0016    50       14.3114 UserPurge1: 1    46501   11.81%
      0     0       16.0004    55       14.3114 UserPurge1: 1    46515   11.80%
      0     0       15.9999    54       14.3114 UserPurge1: 1    46533   11.80%
      0     0       15.9997    50       14.3114 UserPurge1: 1    46549   11.80%
      0     0       15.9994    54       14.3114 UserPurge1: 1    46567   11.79%
      0     0       15.9992    57       14.3114 UserPurge1: 1    46584   11.79%
      0     0       15.9988    49       14.3114 UserPurge1: 1    46609   11.79%
      0     0       15.9987    17       14.3114 UserPurge1: 1    46610   11.79%
      0     0       15.9985    49       14.3114 UserPurge1: 1    46629   11.79%
      0     0       15.9980    17       14.3114 UserPurge1: 1    46641   11.78%
      0     0       15.9980    56       14.3114 UserPurge1: 1    46646   11.78%
      0     0       15.9977    54       14.3114 UserPurge1: 1    46664   11.78%
      0     0       15.9976    55       14.3114 UserPurge1: 1    46672   11.78%
      0     0       15.9973    50       14.3114 UserPurge1: 1    46687   11.78%
      0     0       15.9969    54       14.3114 UserPurge1: 1    46709   11.78%
      0     0       15.9969    17       14.3114 UserPurge1: 1    46712   11.78%
      0     0       15.9968    55       14.3114 UserPurge1: 1    46744   11.78%
      0     0       15.9965    50       14.3114 UserPurge1: 1    46768   11.77%
      0     0       15.9964    52       14.3114 UserPurge1: 1    46785   11.77%
      0     0       15.9963    49       14.3114 UserPurge1: 1    46803   11.77%
      0     0       15.9962    17       14.3114 UserPurge1: 1    46804   11.77%
      0     0       15.9962    56       14.3114 UserPurge1: 1    46816   11.77%
      0     0       15.9961    52       14.3114 UserPurge1: 1    46836   11.77%
      0     0       15.9959    55       14.3114 UserPurge1: 1    46866   11.77%
      0     0       15.9957    54       14.3114 UserPurge1: 1    46903   11.77%
      0     0       15.9956    54       14.3114 UserPurge1: 1    46921   11.77%
      0     0       15.9954    56       14.3114 UserPurge1: 1    46939   11.77%
      0     0       15.9953    55       14.3114 UserPurge1: 1    46955   11.77%
      0     0       15.9952    21       14.3114 UserPurge1: 1    46969   11.77%
      0     0       15.9952    55       14.3114 UserPurge1: 1    46975   11.77%
      0     0       15.9949    53       14.3114 UserPurge1: 1    47012   11.76%
      0     0       15.9949    55       14.3114 UserPurge1: 1    47031   11.76%
      0     0       15.9946    53       14.3114 UserPurge1: 1    47055   11.76%
      0     0       15.9943    17       14.3114 UserPurge1: 1    47061   11.76%
      0     0       15.9942    57       14.3114 UserPurge1: 1    47071   11.76%
      0     0       15.9939    52       14.3114 UserPurge1: 1    47096   11.76%
      0     0       15.9933    51       14.3114 UserPurge1: 1    47121   11.75%
      0     0       15.9928    51       14.3114 UserPurge1: 1    47140   11.75%
      0     0       15.9927    51       14.3114 UserPurge1: 1    47150   11.75%
      0     0       15.9925    53       14.3114 UserPurge1: 1    47165   11.75%
      0     0       15.9917    56       14.3114 UserPurge1: 1    47196   11.74%
      0     0       15.9917    27       14.3114 UserPurge1: 1    47199   11.74%
      0     0       15.9917    59       14.3114 UserPurge1: 1    47211   11.74%
      0     0       15.9913    60       14.3114 UserPurge1: 1    47231   11.74%
      0     0       15.9902    61       14.3114 UserPurge1: 1    47264   11.73%
      0     0       15.9898    55       14.3114 UserPurge1: 1    47272   11.73%
      0     0       15.9891    17       14.3114 UserPurge1: 1    47292   11.72%
      0     0       15.9891    30       14.3114 UserPurge1: 1    47296   11.72%
      0     0       15.9890    62       14.3114 UserPurge1: 1    47306   11.72%
      0     0       15.9889    55       14.3114 UserPurge1: 1    47319   11.72%
      0     0       15.9885    58       14.3114 UserPurge1: 1    47342   11.72%
      0     0       15.9883    58       14.3114 UserPurge1: 1    47356   11.72%
      0     0       15.9881    62       14.3114 UserPurge1: 1    47368   11.72%
      0     0       15.9879    55       14.3114 UserPurge1: 1    47381   11.71%
      0     0       15.9877    54       14.3114 UserPurge1: 1    47398   11.71%
      0     0       15.9877    56       14.3114 UserPurge1: 1    47401   11.71%
      0     0       15.9874    56       14.3114 UserPurge1: 1    47427   11.71%
      0     0       15.9873    58       14.3114 UserPurge1: 1    47444   11.71%
      0     0       15.9872    17       14.3114 UserPurge1: 1    47453   11.71%
      0     0       15.9871    58       14.3114 UserPurge1: 1    47462   11.71%
      0     0       15.9870    58       14.3114 UserPurge1: 1    47477   11.71%
      0     0       15.9868    63       14.3114 UserPurge1: 1    47507   11.71%
      0     0       15.9865    62       14.3114 UserPurge1: 1    47531   11.70%
      0     0       15.9862    59       14.3114 UserPurge1: 1    47553   11.70%
      0     0       15.9860    17       14.3114 UserPurge1: 1    47562   11.70%
      0     0       15.9860    28       14.3114 UserPurge1: 1    47565   11.70%
      0     0       15.9859    19       14.3114 UserPurge1: 1    47567   11.70%
      0     0       15.9851    53       14.3114 UserPurge1: 1    47606   11.69%
      0     0       15.9838    47       14.3114 UserPurge1: 1    47656   11.69%
      0     0       15.9829    55       14.3114 UserPurge1: 1    47684   11.68%
      0     0       15.9827    21       14.3114 UserPurge1: 1    47693   11.68%
      0     0       15.9826    54       14.3114 UserPurge1: 1    47701   11.68%
      0     0       15.9824    17       14.3114 UserPurge1: 3    47704   11.68%
      0     0       15.9823    17       14.3114 UserPurge1: 1    47706   11.68%
      0     0       15.9822    48       14.3114 UserPurge1: 1    47726   11.67%
      0     0       15.9815    55       14.3114 UserPurge1: 1    47751   11.67%
      0     0       15.9812    14       14.3114 UserPurge1: 1    47766   11.67%
*     0+    0                           15.0470       15.9812    47766    6.21%
      0     2       15.9812    14       15.0470       15.9812    47766    6.21%                        0             0
Elapsed time = 1680.34 sec. (369596.25 ticks, tree = 0.00 MB, solutions = 2)
      1     2       15.6379     6       15.0470       15.7139    47889    4.43%y_ENSP0000026465 U      1      0      1
      2     3       15.6379     3       15.0470       15.7139    47904    4.43%z_ENSMUSP0000002 D      2      1      2
      3     3       15.3086     6       15.0470       15.7139    47949    4.43%x_ENSMUSP0000002 D      3      2      3
      4     4       15.3086     2       15.0470       15.7139    47957    4.43%x_ENSMUSP0000009 D      4      3      4
*     5     3      integral     0       15.1625       15.7139    47995    3.64%x_ENSMUSP0000007 N      5      4      5
      7     3       15.7033     4       15.1625       15.7031    48149    3.57%y_ENSP0000026465 D      7      0      1
Lazy DEBUG Label, root: ENSP00000286639   y value: 1
Lazy DEBUG Label, root: ENSP00000286639   y value: 1
      8     4       15.6892     7       15.1625       15.7031    48153    3.57%y_ENSMUSP0000002 U      8      7      2
Lazy DEBUG Label, root: ENSP00000286639   y value: 1
Lazy DEBUG Label, root: ENSP00000286639   y value: 1
      9     3        cutoff             15.1625       15.7031    48164    3.57%x_ENSP0000026176 U      9      8      3
     10     4       15.6376     7       15.1625       15.7031    48169    3.57%x_ENSP0000026176 D     10      8      3
Lazy DEBUG Label, root: ENSP00000286639   y value: 1
Lazy DEBUG Label, root: ENSP00000286639   y value: 1
Lazy DEBUG Label, root: ENSP00000286639   y value: 1
     14     4        cutoff             15.1625       15.7031    48206    3.57%x_ENSP0000022775 U     14     13      6
Elapsed time = 1709.16 sec. (377831.70 ticks, tree = 2.64 MB, solutions = 3)
Lazy DEBUG Label, root: ENSP00000286639   y value: 1
Lazy DEBUG Label, root: ENSP00000286639   y value: 1
Lazy DEBUG Label, root: ENSP00000286639   y value: 1
Lazy DEBUG Label, root: ENSP00000286639   y value: 1
Lazy DEBUG Label, root: ENSP00000286639   y value: 1
     18     4       15.2217     9       15.1625       15.7031    48218    3.57%x_ENSP0000035854 D     18     17      9
Lazy DEBUG Label, root: ENSP00000286639   y value: 1
Lazy DEBUG Label, root: ENSP00000286639   y value: 1
     22     3        cutoff             15.1625       15.6269    48346    3.06%x_ENSP0000027754 N     22     21      3

Zero-half cuts applied:  2
User cuts applied:  222

Root node processing (before b&c):
  Real time             = 1680.32 sec. (369591.07 ticks)
Sequential b&c:
  Real time             =   38.20 sec. (10698.94 ticks)
                          ------------
Total (root+branch&cut) = 1718.52 sec. (380290.01 ticks)
Solved in 1734.63s
	Command being timed: "timeout 12500s /home/hsoueidan/xheinz/build/xHeinz_recomb -n1 4h/mouse_MA_scores_0.1_corrected_ensp_induced_ens59.tsv -n2 4h/human_MA_scores_0.1_corrected_ensp_induced_ens59.tsv -e1 4h/mouse_string_induced_network_0.1_ens59.tsv -e2 4h/human_string_induced_network_0.1_ens59.tsv -t 12000 -rt 4000 -cog temp_data/ensembl_cog_ALL_ens59.tsv -a 0.3"
	User time (seconds): 15398.36
	System time (seconds): 691.70
	Percent of CPU this job got: 923%
	Elapsed (wall clock) time (h:mm:ss or m:ss): 29:03.13
	Average shared text size (kbytes): 0
	Average unshared data size (kbytes): 0
	Average stack size (kbytes): 0
	Average total size (kbytes): 0
	Maximum resident set size (kbytes): 20757248
	Average resident set size (kbytes): 0
	Major (requiring I/O) page faults: 0
	Minor (reclaiming a frame) page faults: 15432304
	Voluntary context switches: 879535
	Involuntary context switches: 149286
	Swaps: 0
	File system inputs: 0
	File system outputs: 0
	Socket messages sent: 0
	Socket messages received: 0
	Signals delivered: 0
	Page size (bytes): 4096
	Exit status: 0
