Warning: Control callbacks may disable some MIP features.
Lazy constraint(s) or lazy constraint callback is present.
    Disabling dual reductions (CPX_PARAM_REDUCE) in presolve.
Clique table members: 61761.
MIP emphasis: balance optimality and feasibility.
MIP search method: traditional branch-and-cut.
Parallel mode: none, using 1 thread.
Root relaxation solution time = 7.27 sec. (3095.31 ticks)

        Nodes                                         Cuts/
   Node  Left     Objective  IInf  Best Integer    Best Bound    ItCnt     Gap         Variable B NodeID Parent  Depth

      0     0      278.3482     5                    278.3482    14154         
      0     0      264.7606    14               UserPurge1: 75    14397         
      0     0      260.0371    17               UserPurge1: 74    14496         
      0     0      259.9732    14               UserPurge1: 64    14502         
      0     0      259.8538    20               UserPurge1: 63    14513         
      0     0      259.7077    26               UserPurge1: 66    14571         
      0     0      259.6298    29               UserPurge1: 69    14592         
      0     0      259.5409    44               UserPurge1: 66    14633         
      0     0      259.4531    29               UserPurge1: 73    14643         
      0     0      259.4066    28               UserPurge1: 66    14659         
      0     0      259.3868    51               UserPurge1: 70    14668         
      0     0      259.3329    33               UserPurge1: 72    14683         
      0     0      259.3147    26               UserPurge1: 68    14694         
      0     0      259.3072    43               UserPurge1: 70    14703         
      0     0      259.2774    30               UserPurge1: 73    14718         
      0     0      259.2445    40               UserPurge1: 70    14741         
      0     0      259.2213   114               UserPurge1: 75    14759         
      0     0      259.1674    51               UserPurge1: 73    14801         
      0     0      259.1331    40               UserPurge1: 75    14824         
      0     0      259.1020    39               UserPurge1: 74    14838         
      0     0      259.0919    43               UserPurge1: 74    14843         
      0     0      259.0594    17               UserPurge1: 78    14857         
      0     0      259.0556    25               UserPurge1: 64    14871         
      0     0      259.0396    22               UserPurge1: 67    14889         
      0     0      259.0381    64               UserPurge1: 65    14890         
      0     0      259.0272    50               UserPurge1: 75    14905         
      0     0      259.0143    46               UserPurge1: 69    14930         
*     0+    0                          211.7716      259.0143    14930   22.31%
      0     0      258.9998    42      211.7716 UserPurge1: 74    14953   22.30%
      0     0      258.9843    53      211.7716 UserPurge1: 75    14989   22.29%
      0     0      258.9762    71      211.7716 UserPurge1: 75    15004   22.29%
      0     0      258.9632    70      211.7716 UserPurge1: 78    15027   22.28%
      0     0      258.9569    18      211.7716 UserPurge1: 76    15040   22.28%
      0     0      258.9497    50      211.7716 UserPurge1: 65    15049   22.28%
*     0+    0                          224.0301      258.9497    15049   15.59%
      0     0      258.9488    15      224.0301 UserPurge1: 72    15057   15.59%
      0     0      258.9433    75      224.0301 UserPurge1: 64    15084   15.58%
      0     0      258.9203    83      224.0301 UserPurge1: 78    15143   15.57%
      0     0      258.9121    95      224.0301 UserPurge1: 85    15163   15.57%
      0     0      258.9089    15      224.0301 UserPurge1: 85    15165   15.57%
      0     0      258.8974    59      224.0301 UserPurge1: 64    15198   15.56%
      0     0      258.8760    39      224.0301 UserPurge1: 80    15216   15.55%
      0     0      258.8697    78      224.0301 UserPurge1: 71    15220   15.55%
      0     0      258.8627    94      224.0301 UserPurge1: 76    15235   15.55%
      0     0      258.8592    55      224.0301 UserPurge1: 83    15244   15.55%
      0     0      258.8489    81      224.0301 UserPurge1: 80    15261   15.54%
      0     0      258.8273    50      224.0301 UserPurge1: 83    15297   15.53%
      0     0      258.8213    63      224.0301 UserPurge1: 77    15309   15.53%
      0     0      258.8015    91      224.0301 UserPurge1: 82    15330   15.52%
      0     0      258.7923    59      224.0301 UserPurge1: 84    15341   15.52%
      0     0      258.7736    67      224.0301 UserPurge1: 78    15374   15.51%
      0     0      258.7601    53      224.0301 UserPurge1: 79    15391   15.50%
      0     0      258.7524    81      224.0301 UserPurge1: 79    15409   15.50%
      0     0      258.7382   104      224.0301 UserPurge1: 84    15429   15.49%
      0     0      258.7174    89      224.0301 UserPurge1: 86    15476   15.48%
      0     0      258.6957   125      224.0301 UserPurge1: 91    15521   15.47%
      0     0      258.6908     7      224.0301 UserPurge1: 89    15535   15.47%
      0     0      258.6857    95      224.0301 UserPurge1: 64    15559   15.47%
      0     0      258.6797    15      224.0301 UserPurge1: 88    15594   15.47%
      0     0      258.6630    83      224.0301 UserPurge1: 64    15633   15.46%
      0     0      258.6282    40      224.0301 UserPurge1: 89    15738   15.44%
      0     0      258.6134   117      224.0301 UserPurge1: 78    15762   15.44%
      0     0      258.5997   104      224.0301 UserPurge1: 88    15808   15.43%
      0     0      258.5967    16      224.0301 UserPurge1: 91    15825   15.43%
      0     0      258.5952    19      224.0301 UserPurge1: 63    15839   15.43%
      0     0      258.5947    99      224.0301 UserPurge1: 66    15843   15.43%
      0     0      258.5807    81      224.0301 UserPurge1: 93    15888   15.42%
      0     0      258.5606    73      224.0301 UserPurge1: 91    15914   15.41%
      0     0      258.5411    34      224.0301 UserPurge1: 81    15941   15.40%
      0     0      258.5371    89      224.0301 UserPurge1: 69    15956   15.40%
      0     0      258.5203    66      224.0301 UserPurge1: 89    15997   15.40%
      0     0      258.5084    14      224.0301 UserPurge1: 84    16028   15.39%
      0     0      258.5073    61      224.0301 UserPurge1: 64    16036   15.39%
      0     0      258.4875    68      224.0301 UserPurge1: 83    16112   15.38%
      0     0      258.4776    86      224.0301 UserPurge1: 85    16151   15.38%
      0     0      258.4734    60      224.0301 UserPurge1: 88    16182   15.37%
      0     0      258.4589   280      224.0301 UserPurge1: 82    16215   15.37%
      0     0      258.4541    99      224.0301 UserPurge1: 85    16257   15.37%
      0     0      258.4412    73      224.0301 UserPurge1: 90    16286   15.36%
      0     0      258.4383   123      224.0301 UserPurge1: 88    16297   15.36%
      0     0      258.4355   124      224.0301 UserPurge1: 93    16314   15.36%
      0     0      258.4245    77      224.0301 UserPurge1: 96    16350   15.35%
      0     0      258.4088    50      224.0301 UserPurge1: 89    16373   15.35%
      0     0      258.4032    41      224.0301 UserPurge1: 85    16388   15.34%
      0     0      258.4013    83      224.0301 UserPurge1: 72    16394   15.34%
      0     0      258.3940   104      224.0301 UserPurge1: 85    16419   15.34%
      0     0      258.3909    84      224.0301 UserPurge1: 90    16437   15.34%
      0     0      258.3844    82      224.0301 UserPurge1: 91    16462   15.33%
      0     0      258.3796   133      224.0301 UserPurge1: 88    16500   15.33%
      0     0      258.3729    55      224.0301 UserPurge1: 96    16523   15.33%
      0     0      258.3669   108      224.0301 UserPurge1: 85    16542   15.33%
      0     0      258.3623   122      224.0301 UserPurge1: 95    16567   15.32%
      0     0      258.3568   100      224.0301 UserPurge1: 91    16595   15.32%
      0     0      258.3485    98      224.0301 UserPurge1: 92    16627   15.32%
      0     0      258.3395   119      224.0301 UserPurge1: 89    16656   15.31%
      0     0      258.3347   113      224.0301 UserPurge1: 96    16682   15.31%
      0     0      258.3305   101      224.0301 UserPurge1: 99    16697   15.31%
      0     0      258.3261    89      224.0301 UserPurge1: 98    16727   15.31%
      0     0      258.3173   104      224.0301 UserPurge1: 94    16776   15.30%
      0     0      258.3044   139      224.0301 UserPurge1: 100    16823   15.30%
      0     0      258.2898    91      224.0301 UserPurge1: 100    16886   15.29%
      0     0      258.2823   143      224.0301 UserPurge1: 97    16915   15.29%
      0     0      258.2739   141      224.0301 UserPurge1: 99    16931   15.29%
      0     0      258.2649   145      224.0301 UserPurge1: 103    16973   15.28%
      0     0      258.2568    82      224.0301 UserPurge1: 98    17006   15.28%
      0     0      258.2439    92      224.0301 UserPurge1: 96    17049   15.27%
      0     0      258.2388    71      224.0301 UserPurge1: 98    17070   15.27%
      0     0      258.2287   125      224.0301 UserPurge1: 98    17101   15.27%
      0     0      258.2188   133      224.0301 UserPurge1: 95    17147   15.26%
      0     0      258.2134   163      224.0301 UserPurge1: 98    17175   15.26%
      0     0      258.2081    91      224.0301 UserPurge1: 102    17201   15.26%
      0     0      258.2035   100      224.0301 UserPurge1: 95    17226   15.25%
      0     0      258.1928   149      224.0301 UserPurge1: 99    17266   15.25%
      0     0      258.1832   127      224.0301 UserPurge1: 101    17296   15.24%
      0     0      258.1746   125      224.0301 UserPurge1: 96    17327   15.24%
      0     0      258.1634    94      224.0301 UserPurge1: 98    17360   15.24%
      0     0      258.1592   135      224.0301 UserPurge1: 97    17399   15.23%
      0     0      258.1514   120      224.0301 UserPurge1: 107    17429   15.23%
      0     0      258.1419   166      224.0301 UserPurge1: 102    17485   15.23%
      0     0      258.1382   145      224.0301 UserPurge1: 105    17521   15.22%
      0     0      258.1330   156      224.0301 UserPurge1: 100    17548   15.22%
      0     0      258.1258   143      224.0301 UserPurge1: 106    17586   15.22%
      0     0      258.1220   128      224.0301 UserPurge1: 106    17626   15.22%
      0     0      258.1124   143      224.0301 UserPurge1: 102    17680   15.21%
      0     0      258.1101   133      224.0301 UserPurge1: 102    17699   15.21%
      0     0      258.1028   155      224.0301 UserPurge1: 107    17749   15.21%
      0     0      258.0952   134      224.0301 UserPurge1: 107    17798   15.21%
      0     0      258.0799   159      224.0301 UserPurge1: 103    17834   15.20%
      0     0      258.0587   116      224.0301 UserPurge1: 105    17892   15.19%
      0     2      258.0587   116      224.0301      258.0584    17892   15.19%                        0             0
Elapsed time = 433.02 sec. (160619.60 ticks, tree = 0.00 MB, solutions = 2)
      1     3      258.0522    99      224.0301      258.0582    17936   15.19%x_ENSP0000017175 U      1      0      1
      2     4      258.0490    76      224.0301      258.0582    17968   15.19%x_ENSMUSP0000002 U      2      1      2
      3     5      258.0446    71      224.0301      258.0582    18006   15.19%x_ENSP0000028124 D      3      2      3
      4     6      258.0380    71      224.0301      258.0582    18039   15.19%x_ENSP0000033879 D      4      3      4
      5     7      257.9440   107      224.0301      258.0582    18356   15.19%x_ENSP0000035999 N      5      4      5
      6     8      257.9414    75      224.0301      258.0582    18376   15.19%x_ENSP0000030984 D      6      5      6
      7     9      256.0694    12      224.0301      258.0582    18552   15.19%x_ENSP0000030984 U      7      5      6
      8    10      257.9400    72      224.0301      258.0582    18581   15.19%x_ENSP0000041068 D      8      6      7
      9    11      257.9370    69      224.0301      258.0582    18609   15.19%x_ENSP0000026232 D      9      8      8
     10    12      257.5972    45      224.0301      258.0582    18694   15.19%x_ENSP0000026232 U     10      8      8
Elapsed time = 508.89 sec. (229677.35 ticks, tree = 4.29 MB, solutions = 2)
     11    13      257.9340    89      224.0301      258.0582    18708   15.19%x_ENSP0000030030 D     11      9      9
*    12+   12                          253.8387      258.0582    18719    1.66%
     12    14      257.9279     8      253.8387      258.0582    18719    1.66%x_ENSMUSP0000003 U     12     11     10
     13    15      257.8962     7      253.8387      258.0582    18759    1.66%x_ENSP0000001165 U     13     12     11
     14    16      257.9243    61      253.8387      258.0582    18776    1.66%x_ENSP0000001165 D     14     12     11
     15    17      257.9218    75      253.8387      258.0582    18783    1.66%x_ENSP0000000534 D     15     14     12
     17    19      257.9190    73      253.8387      258.0582    18895    1.66%x_ENSP0000032881 D     17     15     13
     20    22      257.9096    71      253.8387      258.0582    18936    1.66%x_ENSP0000033444 D     20     19     16
     23    25      257.0805    68      253.8387      258.0582    19287    1.66%x_ENSP0000032636 U     23     20     17
     26    28      257.0675    63      253.8387      258.0582    19328    1.66%x_ENSMUSP0000006 U     26     24     19
     27    28      254.2571    78      253.8387      258.0582    19936    1.66%x_ENSP0000023044 N     27     26     20
Elapsed time = 614.72 sec. (279652.72 ticks, tree = 4.75 MB, solutions = 3)
     30    30      254.2458    14      253.8387      258.0582    19956    1.66%x_ENSP0000029612 D     30     29     23
     32    32      254.2384     7      253.8387      258.0582    19967    1.66%x_ENSP0000035125 D     32     31     25
     35    33        cutoff            253.8387      258.0582    20090    1.66%x_ENSP0000030256 N     35     32     26
     38    35      254.1941    17      253.8387      258.0582    20102    1.66%x_ENSP0000034442 D     38     37     29
     40    36      254.1501     9      253.8387      258.0582    20108    1.66%x_ENSP0000034435 D     40     39     31
     45    39      254.0941     6      253.8387      258.0582    20163    1.66%x_ENSP0000026284 D     45     44     35
     49    43      254.0613     8      253.8387      258.0582    20207    1.66%x_ENSP0000026234 D     49     47     38
     50    43      254.0595    26      253.8387      258.0582    20208    1.66%x_ENSP0000030262 D     50     49     39
     53    45      253.9579     6      253.8387      258.0582    20239    1.66%x_ENSP0000026152 D     53     52     42
     54    46      253.9579     8      253.8387      258.0582    20243    1.66%x_ENSP0000034925 D     54     53     43
Elapsed time = 658.68 sec. (299151.73 ticks, tree = 5.21 MB, solutions = 3)
     55    45        cutoff            253.8387      258.0582    20322    1.66%x_ENSP0000035411 N     55     54     44
     57    45      253.3625     6      253.8387      258.0582    20414    1.66%           m_769 D     57     56     45
     59    45      258.0395   136      253.8387      258.0405    20473    1.66%x_ENSP0000017175 D     59      0      1
     62    48      257.9837    67      253.8387      258.0405    20578    1.66%x_ENSP0000035999 D     62     61      4
     63    49      257.9768    77      253.8387      258.0405    20604    1.66%x_ENSP0000036998 D     63     62      5
     65    51      257.9496    56      253.8387      258.0405    20645    1.66%x_ENSP0000034846 D     65     64      7
     67    53      257.3724   113      253.8387      258.0405    21958    1.66%x_ENSP0000030087 N     67     65      8
     68    54      257.7609     7      253.8387      258.0405    22075    1.66%x_ENSP0000030087 U     68     65      8
     70    56      257.7460    24      253.8387      258.0405    22102    1.66%x_ENSMUSP0000003 U     70     69     10
     72    58      257.2541    18      253.8387      258.0405    22236    1.66%x_ENSMUSP0000010 U     72     70     11
Elapsed time = 838.86 sec. (406634.30 ticks, tree = 5.54 MB, solutions = 3)
     74    60      257.3288     8      253.8387      258.0405    22341    1.66%x_ENSP0000038678 D     74     71     12
     77    63      257.3060     7      253.8387      258.0405    22416    1.66%           m_769 D     77     75     14
     79    64      254.1651    35      253.8387      258.0405    22744    1.66%mm_ENSMUSP000000 N     79     77     15
     80    64      253.9206    25      253.8387      258.0405    22786    1.66%x_ENSP0000030040 D     80     79     16
     82    64      256.7824    47      253.8387      258.0387    23020    1.65%x_ENSP0000028124 U     82      2      3
     84    66      256.5817    24      253.8387      258.0387    23082    1.65%mm_ENSMUSP000000 D     84     83      5
     85    67      256.5550    26      253.8387      258.0387    23120    1.65%x_ENSP0000036998 D     85     84      6
     87    69      256.5477    12      253.8387      258.0387    23146    1.65%x_ENSP0000016422 D     87     86      8
     89    71      256.5364     6      253.8387      258.0387    23176    1.65%x_ENSP0000035999 D     89     88     10
     90    72      256.1370     7      253.8387      258.0387    23358    1.65%x_ENSMUSP0000008 U     90     89     11
Elapsed time = 934.32 sec. (444896.75 ticks, tree = 5.93 MB, solutions = 3)
     91    73      256.1319     8      253.8387      258.0387    23369    1.65%x_ENSMUSP0000009 U     91     90     12
     92    74      256.1220    14      253.8387      258.0387    23397    1.65%x_ENSP0000000953 D     92     91     13
     93    73        cutoff            253.8387      258.0387    23512    1.65%x_ENSMUSP0000004 N     93     92     14
     95    73      257.4737    36      253.8387      258.0372    23683    1.65%x_ENSP0000033879 U     95      3      4
     97    75      257.3468     8      253.8387      258.0372    23750    1.65%x_ENSMUSP0000006 U     97     96      6
     98    76      257.3355     7      253.8387      258.0372    23755    1.65%x_ENSP0000034107 U     98     97      7
    100    78      257.2758    14      253.8387      258.0372    23788    1.65%x_ENSP0000000953 D    100     99      9
    101    79      257.2429     5      253.8387      258.0372    23813    1.65%x_ENSMUSP0000004 U    101    100     10
    103    81      257.2134    14      253.8387      258.0372    23832    1.65%x_ENSP0000034520 U    103    102     12
    105    83      257.2023    11      253.8387      258.0372    23840    1.65%x_ENSP0000035999 D    105    104     14
Elapsed time = 998.07 sec. (501611.68 ticks, tree = 7.63 MB, solutions = 3)
    106    84      257.1847     3      253.8387      258.0372    23847    1.65%x_ENSP0000039159 U    106    105     15
    108    86      256.5454    42      253.8387      258.0372    24463    1.65%x_ENSP0000029612 N    108    107     17
    110    88      256.5404    10      253.8387      258.0372    24479    1.65%x_ENSP0000034442 D    110    109     19
    112    90      256.5328    47      253.8387      258.0372    24522    1.65%x_ENSP0000031928 D    112    111     21
    114    92      256.5321    33      253.8387      258.0372    24535    1.65%x_ENSP0000024907 D    114    113     23
    116    94      256.5281    22      253.8387      258.0372    24576    1.65%x_ENSP0000022913 D    116    115     25
    118    96      256.5113    47      253.8387      258.0372    24614    1.65%x_ENSP0000030030 D    118    117     27
    120    98      256.4975    40      253.8387      258.0372    24680    1.65%x_ENSP0000000534 D    120    119     29
    121    99      256.4968    41      253.8387      258.0372    24686    1.65%x_ENSP0000035669 D    121    120     30
    122   100      256.4701    36      253.8387      258.0372    24728    1.65%x_ENSP0000036409 U    122    121     31
Elapsed time = 1147.23 sec. (594471.45 ticks, tree = 8.10 MB, solutions = 3)
    123   101      256.2371    36      253.8387      258.0372    24958    1.65%x_ENSP0000036888 N    123    122     32
    125   103      256.2335     2      253.8387      258.0372    24970    1.65%x_ENSP0000021923 U    125    124     34
*   126+   81                          256.1643      258.0372    24971    0.73%
    127    84      256.2305     5      256.1643      258.0372    24982    0.73%z_ENSMUSP0000005 U    127    126     36
    128    84      256.2165    27      256.1643      258.0372    25016    0.73%x_ENSP0000032337 D    128    127     37
    130    85      256.2106     5      256.1643      258.0372    25023    0.73%x_ENSP0000029219 D    130    129     39
    132    86      256.1992    27      256.1643      258.0372    25051    0.73%x_ENSP0000027243 D    132    131     41
    135    88      256.1981    13      256.1643      258.0372    25054    0.73%z_ENSMUSP0000005 U    135    134     44
    138    89      256.1850     2      256.1643      258.0372    25067    0.73%x_ENSP0000026334 D    138    137     47
    141    90      256.1744    10      256.1643      258.0372    25092    0.73%x_ENSP0000034435 D    141    140     50
    143    89      256.1667     2      256.1643      258.0372    25100    0.73%x_ENSP0000030163 D    143    142     52
Elapsed time = 1232.84 sec. (645286.60 ticks, tree = 3.83 MB, solutions = 4)
    144    90      257.7836     7      256.1643      257.9898    25175    0.71%x_ENSP0000035999 U    144      4      5
    146    92      257.7538    90      256.1643      257.9898    25248    0.71%x_ENSP0000025649 D    146    145      7
    148    94      257.7291    41      256.1643      257.9898    25311    0.71%mm_ENSMUSP000000 D    148    147      9
    150    96      257.6982    43      256.1643      257.9898    25384    0.71%x_ENSP0000038678 D    150    149     11
    152    98      257.6920     5      256.1643      257.9898    25409    0.71%x_ENSP0000030030 D    152    151     13
    154   100      257.6506     8      256.1643      257.9898    25554    0.71%x_ENSMUSP0000006 U    154    153     15
    156   101      256.3423    45      256.1643      257.9898    26241    0.71%x_ENSMUSP0000009 N    156    155     17
    158   103      256.3393    50      256.1643      257.9898    26260    0.71%x_ENSP0000000953 D    158    157     19
    160   105      256.3313    42      256.1643      257.9898    26267    0.71%mm_ENSMUSP000000 U    160    159     21
    162   107      256.3292     9      256.1643      257.9898    26276    0.71%x_ENSP0000023044 D    162    161     23
Elapsed time = 1350.28 sec. (686703.69 ticks, tree = 4.30 MB, solutions = 4)
    164   109      256.3126    37      256.1643      257.9898    26303    0.71%z_ENSMUSP0000002 U    164    163     25
    166   111      256.2670    25      256.1643      257.9898    26336    0.71%x_ENSP0000029612 D    166    165     27
    168   110      256.2455    32      256.1643      257.9898    26370    0.71%mm_ENSMUSP000000 U    168    166     28
    170   111      256.2221    40      256.1643      257.9898    26400    0.71%x_ENSP0000034435 D    170    169     30
    172   113      256.1953     5      256.1643      257.9898    26409    0.71%z_ENSMUSP0000011 U    172    171     32
    174   111        cutoff            256.1643      257.9898    26437    0.71%z_ENSMUSP0000004 D    174    172     33
    175   112      257.7039    75      256.1643      257.9834    26562    0.71%x_ENSP0000035999 U    175     61      4
    176   113      257.0777    83      256.1643      257.9834    27627    0.71%x_ENSMUSP0000010 N    176    175      5
    177   114      257.3604    14      256.1643      257.9834    27727    0.71%x_ENSMUSP0000010 U    177    175      5
    180   117      257.0963     6      256.1643      257.9834    28040    0.71%x_ENSMUSP0000006 D    180    178      7
Elapsed time = 1520.90 sec. (749448.47 ticks, tree = 4.56 MB, solutions = 4)
    182   119      257.0936    33      256.1643      257.9834    28191    0.71%x_ENSMUSP0000003 D    182    180      8
    184   121      256.8141    63      256.1643      257.9834    28481    0.71%x_ENSP0000034846 D    184    182      9
    188   123      256.1895     7      256.1643      257.9834    28830    0.71%x_ENSMUSP0000008 U    188    186     11
    190   124      256.9473    11      256.1643      257.9834    28913    0.71%x_ENSMUSP0000002 D    190    189     12
    193   127      256.9359     6      256.1643      257.9834    28939    0.71%mm_ENSMUSP000000 D    193    192     15
    197   127        cutoff            256.1643      257.9834    29135    0.71%x_ENSP0000026152 U    197    195     17
    200   126      256.7785   132      256.1643      257.9763    29524    0.71%x_ENSP0000036998 U    200     62      5
    203   129      256.6963    66      256.1643      257.9763    29677    0.71%x_ENSP0000034107 U    203    202      8
    204   129      256.6524    65      256.1643      257.9763    29738    0.71%mm_ENSMUSP000000 D    204    203      9
    205   129      256.6523    84      256.1643      257.9763    29744    0.71%x_ENSP0000034342 D    205    204     10
Elapsed time = 1815.48 sec. (863487.73 ticks, tree = 4.95 MB, solutions = 4)
    207   131      256.6281    65      256.1643      257.9763    29773    0.71%x_ENSP0000038678 D    207    206     12
    211   134      256.4503    30      256.1643      257.9763    29920    0.71%x_ENSMUSP0000006 U    211    210     16
    212   134      256.4483    15      256.1643      257.9763    29923    0.71%x_ENSP0000022583 D    212    211     17
    216   137      256.4266    25      256.1643      257.9763    29977    0.71%x_ENSMUSP0000004 U    216    215     21
    219   138        cutoff            256.1643      257.9763    30106    0.71%z_ENSMUSP0000011 N    219    218     24
    221   138      256.5648    65      256.1643      257.9368    30526    0.69%x_ENSP0000034442 U    221     63      6
    226   143      256.4324     7      256.1643      257.9368    30604    0.69%x_ENSP0000034846 D    226    225     11
    231   148      256.2789     7      256.1643      257.9368    30700    0.69%x_ENSP0000026470 U    231    230     16
    235   151      256.1715     1      256.1643      257.9368    30814    0.69%x_ENSP0000021796 U    235    234     20
    239   151      256.9432     7      256.1643      257.9358    30950    0.69%x_ENSP0000041068 U    239      6      7
Elapsed time = 1996.65 sec. (935329.97 ticks, tree = 5.55 MB, solutions = 4)
    243   155      256.7000    55      256.1643      257.9358    31080    0.69%x_ENSP0000039653 N    243    242     11
    248   160      256.5858    35      256.1643      257.9358    31128    0.69%x_ENSP0000029612 D    248    247     16
    253   165      256.5333    28      256.1643      257.9358    31156    0.69%x_ENSP0000034435 D    253    252     21
    255   167      256.5300    25      256.1643      257.9358    31159    0.69%x_ENSP0000023044 D    255    254     23
    260   172      256.4268    31      256.1643      257.9358    31213    0.69%x_ENSP0000035907 D    260    259     28
    262   173      256.4236     7      256.1643      257.9358    31219    0.69%mm_ENSMUSP000000 D    262    261     30
    264   174      256.4127     6      256.1643      257.9358    31244    0.69%x_ENSP0000032881 D    264    263     32
    265   173        cutoff            256.1643      257.9358    31537    0.69%x_ENSP0000021590 N    265    264     33
    268   176      257.1227    10      256.1643      257.9200    31713    0.69%x_ENSP0000036998 D    268    267     11
    273   181      257.0935    25      256.1643      257.9200    31796    0.69%x_ENSP0000016422 D    273    272     16
Elapsed time = 2179.78 sec. (1036449.34 ticks, tree = 12.25 MB, solutions = 4)
    274   182      257.0862    54      256.1643      257.9200    31833    0.69%mm_ENSMUSP000000 D    274    273     17
    279   187      256.9972    18      256.1643      257.9200    31907    0.69%x_ENSP0000030293 D    279    278     22
    283   191      256.8028    18      256.1643      257.9200    32016    0.69%x_ENSP0000036053 U    283    282     26
    287   195      256.7578     6      256.1643      257.9200    32116    0.69%x_ENSP0000031928 D    287    286     30
    288   195      256.2561    81      256.1643      257.9200    33002    0.69%          m_1010 N    288    287     31
    292   198      256.2507    69      256.1643      257.9200    33079    0.69%          m_4310 D    292    291     35
    296   198        cutoff            256.1643      257.9200    33275    0.69%x_ENSMUSP0000008 D    296    294     38
    298   200      257.2688     7      256.1643      257.9138    33461    0.68%x_ENSP0000034107 U    298    297     11
    299   201      257.2830    59      256.1643      257.9138    33541    0.68%x_ENSP0000034107 D    299    297     11
    301   203      257.1784     8      256.1643      257.9138    33697    0.68%x_ENSMUSP0000006 D    301    298     12
Elapsed time = 2483.80 sec. (1230513.62 ticks, tree = 12.88 MB, solutions = 4)
    304   206      257.0620    19      256.1643      257.9138    33899    0.68%x_ENSMUSP0000003 D    304    303     15
    308   210      256.9730    11      256.1643      257.9138    33966    0.68%x_ENSP0000035279 U    308    307     19
    309   211      256.9042     7      256.1643      257.9138    33985    0.68%x_ENSP0000035279 D    309    307     19
    313   215      256.8045     5      256.1643      257.9138    34075    0.68%x_ENSP0000026152 D    313    312     23
    314   215      256.1743    12      256.1643      257.9138    34234    0.68%x_ENSP0000039653 N    314    313     24
    315   215      256.1728    14      256.1643      257.9138    34237    0.68%x_ENSP0000036400 D    315    314     25
    318   215      257.0525    54      256.1643      257.9093    34424    0.68%x_ENSP0000032881 U    318     15     13
    322   219      257.0358    50      256.1643      257.9093    34503    0.68%x_ENSP0000016422 D    322    321     17
    326   223      257.0320    22      256.1643      257.9093    34567    0.68%x_ENSP0000038678 D    326    325     21
    330   227      257.0116     6      256.1643      257.9093    34629    0.68%x_ENSP0000033117 D    330    329     25
Elapsed time = 2651.36 sec. (1290204.60 ticks, tree = 13.57 MB, solutions = 4)
    331   228      257.0043     7      256.1643      257.9093    34662    0.68%          m_1010 D    331    330     26
    334   231      256.9905    41      256.1643      257.9093    34762    0.68%x_ENSP0000039653 D    334    333     29
    338   235      256.9781    40      256.1643      257.9093    34858    0.68%x_ENSMUSP0000005 D    338    337     33
    340   237      256.4846    82      256.1643      257.9093    36114    0.68%          m_1770 N    340    339     35
    342   238      256.4811    97      256.1643      257.9093    36168    0.68%x_ENSP0000034107 U    342    341     37
    344   240      256.4806    64      256.1643      257.9093    36184    0.68%x_ENSP0000034342 D    344    343     39
    347   243      256.4737    60      256.1643      257.9093    36239    0.68%x_ENSP0000026470 D    347    346     42
    348   244      256.4690    82      256.1643      257.9093    36274    0.68%x_ENSP0000029612 D    348    347     43
    350   245      256.4620    71      256.1643      257.9093    36329    0.68%x_ENSP0000028996 U    350    349     45
    353   248      256.4512     6      256.1643      257.9093    36408    0.68%x_ENSP0000022524 D    353    352     48
Elapsed time = 3043.56 sec. (1540902.56 ticks, tree = 14.17 MB, solutions = 4)
    355   250      256.4459     7      256.1643      257.9093    36447    0.68%x_ENSP0000026708 D    355    354     50
    357   252      256.4430     6      256.1643      257.9093    36506    0.68%x_ENSP0000034442 D    357    356     52
    360   254      256.4380    77      256.1643      257.9093    36554    0.68%x_ENSP0000036140 D    360    359     55
    362   256      256.4378    36      256.1643      257.9093    36588    0.68%x_ENSP0000035706 D    362    361     57
    363   257      256.4364     6      256.1643      257.9093    36601    0.68%z_ENSMUSP0000012 D    363    362     58
    365   258      256.4342    56      256.1643      257.9093    36637    0.68%x_ENSMUSP0000007 D    365    364     60
    366   257        cutoff            256.1643      257.9093    37383    0.68%x_ENSMUSP0000002 N    366    365     61
    369   260      257.2787    38      256.1643      257.9092    37474    0.68%mm_ENSMUSP000000 D    369    368     20
    371   262      257.2763    29      256.1643      257.9092    37483    0.68%mm_ENSMUSP000000 D    371    370     22
    374   265      257.1842    30      256.1643      257.9092    37585    0.68%x_ENSP0000022913 D    374    373     25
Elapsed time = 3285.73 sec. (1745926.00 ticks, tree = 14.67 MB, solutions = 4)
    377   268      257.1317    30      256.1643      257.9092    37628    0.68%x_ENSMUSP0000010 D    377    376     28
    379   270      257.0518    43      256.1643      257.9092    38013    0.68%x_ENSP0000024400 U    379    378     30
    382   273      257.0489    32      256.1643      257.9092    38113    0.68%x_ENSP0000034442 D    382    381     33
    383   274      257.0455    40      256.1643      257.9092    38212    0.68%x_ENSP0000026708 D    383    382     34
    385   276      257.0442    43      256.1643      257.9092    38255    0.68%x_ENSMUSP0000004 U    385    384     36
    388   279      257.0385    55      256.1643      257.9092    38385    0.68%          m_3617 U    388    387     39
    391   282      257.0365     9      256.1643      257.9092    38427    0.68%x_ENSP0000036888 U    391    390     42
    393   282        cutoff            256.1643      257.9092    39604    0.68%mm_ENSMUSP000000 N    393    392     44
    395   282      257.7084    75      256.1643      257.9074    39943    0.68%x_ENSP0000034107 U    395     22     18
    397   284      257.6525    97      256.1643      257.9074    40118    0.68%mm_ENSMUSP000000 D    397    396     20
Elapsed time = 3554.26 sec. (1855397.29 ticks, tree = 15.23 MB, solutions = 4)
    398   285      257.6172    37      256.1643      257.9074    40266    0.68%x_ENSMUSP0000006 U    398    397     21
    400   287      257.5553    34      256.1643      257.9074    40385    0.68%mm_ENSMUSP000000 D    400    399     23
    403   290      257.5193    49      256.1643      257.9074    40496    0.68%x_ENSP0000026708 D    403    402     26
    406   293      257.4794    44      256.1643      257.9074    40613    0.68%x_ENSP0000027229 D    406    405     29
    409   296      257.4207    15      256.1643      257.9074    40694    0.68%x_ENSP0000035420 D    409    408     32
    412   299      257.3879    35      256.1643      257.9074    40817    0.68%x_ENSMUSP0000009 U    412    411     35
    415   302      257.3372     9      256.1643      257.9074    40920    0.68%x_ENSP0000036888 U    415    414     38
    417   304      257.2043     6      256.1643      257.9074    41123    0.68%x_ENSMUSP0000003 D    417    416     40
    421   308      257.1346     6      256.1643      257.9074    41181    0.68%z_ENSMUSP0000002 D    421    420     44
    425   311      256.9998    25      256.1643      257.9074    41322    0.68%x_ENSP0000016422 D    425    424     48
Elapsed time = 3726.97 sec. (1911302.09 ticks, tree = 16.04 MB, solutions = 4)
    428   314      256.9777     5      256.1643      257.9074    41357    0.68%x_ENSP0000022524 D    428    427     51
    429   314      256.9699    20      256.1643      257.9074    41358    0.68%x_ENSMUSP0000003 D    429    428     52
    430   314      256.9654    10      256.1643      257.9074    41363    0.68%x_ENSP0000038419 U    430    429     53
    435   319      256.9482     5      256.1643      257.9074    41398    0.68%x_ENSMUSP0000007 D    435    434     58
    439   323      256.9415     5      256.1643      257.9074    41417    0.68%z_ENSMUSP0000012 D    439    438     62
    441   324      256.8889    10      256.1643      257.9074    41443    0.68%x_ENSMUSP0000002 D    441    440     64
    445   328      256.8793     5      256.1643      257.9074    41480    0.68%x_ENSMUSP0000003 D    445    444     68
    447   329      256.8431     5      256.1643      257.9074    41496    0.68%x_ENSP0000029214 D    447    446     70
    449   330      256.8413    11      256.1643      257.9074    41527    0.68%x_ENSP0000035167 D    449    448     72
    450   331      256.8413     3      256.1643      257.9074    41528    0.68%x_ENSMUSP0000009 D    450    449     73
Elapsed time = 3942.74 sec. (2087703.94 ticks, tree = 16.60 MB, solutions = 4)
    454   334      256.7685    13      256.1643      257.9074    41610    0.68%x_ENSP0000035907 D    454    453     77
    456   336      256.7682     3      256.1643      257.9074    41613    0.68%x_ENSMUSP0000006 U    456    455     79
    457   337      256.7661     6      256.1643      257.9074    41614    0.68%x_ENSMUSP0000011 U    457    456     80
    458   338      256.7513     6      256.1643      257.9074    41629    0.68%x_ENSP0000030393 D    458    457     81
    459   339      256.7395     6      256.1643      257.9074    41648    0.68%x_ENSP0000030069 D    459    458     82
    460   340      256.7141     7      256.1643      257.9074    41689    0.68%x_ENSMUSP0000011 D    460    459     83
    462   341      256.6043    15      256.1643      257.9074    41754    0.68%x_ENSP0000026655 D    462    461     85
    463   341      256.5429     6      256.1643      257.9074    41757    0.68%z_ENSMUSP0000002 D    463    462     86
    464   341      256.5415     6      256.1643      257.9074    41804    0.68%x_ENSMUSP0000002 D    464    463     87
    467   343      256.4796     7      256.1643      257.9074    41809    0.68%x_ENSP0000025874 D    467    466     90
Elapsed time = 4205.19 sec. (2302258.95 ticks, tree = 16.98 MB, solutions = 4)
    468   344      256.3371     6      256.1643      257.9074    42083    0.68%z_ENSMUSP0000002 D    468    467     91
    470   344        cutoff            256.1643      257.9074    42407    0.68%mm_ENSMUSP000000 D    470    469     93
    472   344      257.6791    87      256.1643      257.8980    42586    0.68%x_ENSP0000036720 U    472     18     15
    475   347      257.6720    64      256.1643      257.8980    42618    0.68%x_ENSMUSP0000002 D    475    474     18
    478   350      257.6482    28      256.1643      257.8980    42672    0.68%x_ENSMUSP0000006 U    478    477     21
    481   353      257.6348    40      256.1643      257.8980    42729    0.68%x_ENSP0000039653 D    481    480     24
    483   355      257.4265    19      256.1643      257.8980    42987    0.68%x_ENSP0000023044 N    483    482     26
    484   356      257.3963    22      256.1643      257.8980    43061    0.68%x_ENSP0000027243 D    484    483     27
    487   359      257.3331    37      256.1643      257.8980    43164    0.68%x_ENSMUSP0000009 U    487    486     30
    490   362      257.2954     9      256.1643      257.8980    43228    0.68%x_ENSP0000029612 D    490    489     33
Elapsed time = 4372.58 sec. (2372261.02 ticks, tree = 17.51 MB, solutions = 4)
    493   365      257.2621    14      256.1643      257.8980    43326    0.68%mm_ENSMUSP000000 U    493    492     36
    496   368      257.2285    16      256.1643      257.8980    43455    0.68%x_ENSP0000028996 U    496    495     39
    499   371      257.2144     3      256.1643      257.8980    43485    0.68%x_ENSP0000030293 D    499    498     42
    503   375      257.1917     4      256.1643      257.8980    43526    0.68%          m_2221 U    503    502     46
    507   379      257.1611     3      256.1643      257.8980    43581    0.68%z_ENSMUSP0000005 U    507    506     50
    508   380      257.1512     3      256.1643      257.8980    43605    0.68%x_ENSP0000028942 D    508    507     51
    511   383      257.1484     3      256.1643      257.8980    43615    0.68%x_ENSP0000022093 D    511    510     54
    514   386      256.6248    19      256.1643      257.8980    44142    0.68%          m_1875 N    514    513     57
    516   388      256.6227    18      256.1643      257.8980    44153    0.68%x_ENSP0000026513 D    516    515     59
    517   388      256.6191    29      256.1643      257.8980    44160    0.68%x_ENSP0000033444 D    517    516     60
Elapsed time = 4717.82 sec. (2502656.66 ticks, tree = 18.29 MB, solutions = 4)
    518   389      256.6191    18      256.1643      257.8980    44164    0.68%x_ENSP0000026535 D    518    517     61
    521   392      256.6102    31      256.1643      257.8980    44196    0.68%x_ENSP0000031200 D    521    520     64
    523   393      256.6068    19      256.1643      257.8980    44201    0.68%x_ENSP0000036539 D    523    522     66
    524   394      256.6068    31      256.1643      257.8980    44204    0.68%x_ENSP0000035646 D    524    523     67
    526   396      256.6048    24      256.1643      257.8980    44209    0.68%x_ENSP0000035125 D    526    525     69
    529   399      256.5940    22      256.1643      257.8980    44221    0.68%x_ENSP0000034435 D    529    528     72
    530   400      256.5896    22      256.1643      257.8980    44227    0.68%x_ENSP0000027163 D    530    529     73
    531   401      256.5881    26      256.1643      257.8980    44230    0.68%x_ENSP0000026667 D    531    530     74
    534   404      256.5788    15      256.1643      257.8980    44254    0.68%x_ENSMUSP0000003 D    534    533     77
    537   407      256.5672    11      256.1643      257.8980    44289    0.68%x_ENSMUSP0000003 D    537    536     80
Elapsed time = 4891.07 sec. (2575165.49 ticks, tree = 18.82 MB, solutions = 4)
    538   408      256.5647    11      256.1643      257.8980    44291    0.68%x_ENSP0000034857 D    538    537     81
    541   411      256.5576    15      256.1643      257.8980    44314    0.68%x_ENSP0000029219 D    541    540     84
    544   414      256.5526     2      256.1643      257.8980    44326    0.68%x_ENSP0000036573 D    544    543     87
    546   416      256.5449     4      256.1643      257.8980    44337    0.68%x_ENSMUSP0000010 D    546    545     89
    547   416      256.5042    16      256.1643      257.8980    44341    0.68%x_ENSP0000030163 N    547    546     90
    549   418      256.4937    15      256.1643      257.8980    44344    0.68%x_ENSP0000024655 D    549    548     92
    551   419      256.4768    10      256.1643      257.8980    44347    0.68%x_ENSP0000029575 D    551    550     94
    552   419      256.4731     8      256.1643      257.8980    44350    0.68%x_ENSP0000027437 D    552    551     95
    554   421      256.4526    12      256.1643      257.8980    44371    0.68%x_ENSP0000030257 D    554    553     97
    555   422      256.4510     3      256.1643      257.8980    44372    0.68%x_ENSP0000037665 D    555    554     98
Elapsed time = 5103.53 sec. (2659307.37 ticks, tree = 19.27 MB, solutions = 4)
    556   421        cutoff            256.1643      257.8980    44385    0.68%x_ENSP0000030023 U    556    555     99
    557   422      256.4485     3      256.1643      257.8980    44387    0.68%x_ENSP0000030023 D    557    555     99
    558   421        cutoff            256.1643      257.8980    44397    0.68%x_ENSP0000028463 U    558    557    100
    561   424      256.4322     3      256.1643      257.8980    44413    0.68%x_ENSP0000027861 D    561    560    102
    562   423        cutoff            256.1643      257.8980    44431    0.68%x_ENSP0000036129 U    562    561    103
    563   424      256.4250     3      256.1643      257.8980    44440    0.68%x_ENSP0000036129 D    563    561    103
    564   423        cutoff            256.1643      257.8980    44462    0.68%x_ENSP0000026303 U    564    563    104
    567   426      256.3911     3      256.1643      257.8980    44499    0.68%x_ENSP0000034997 D    567    566    106
    568   427      256.3764     3      256.1643      257.8980    44520    0.68%x_ENSP0000025149 D    568    567    107
    569   428      256.3716     3      256.1643      257.8980    44526    0.68%x_ENSP0000029616 D    569    568    108
Elapsed time = 5261.61 sec. (2725350.10 ticks, tree = 19.44 MB, solutions = 4)
    571   430      256.3468    10      256.1643      257.8980    44561    0.68%x_ENSP0000026642 D    571    570    110
    572   429        cutoff            256.1643      257.8980    44562    0.68%x_ENSP0000031067 U    572    571    111
    574   431      256.2873     7      256.1643      257.8980    44660    0.68%x_ENSP0000022623 D    574    573    112
    575   430        cutoff            256.1643      257.8980    44677    0.68%x_ENSP0000035531 U    575    574    113
    576   431      256.2851     7      256.1643      257.8980    44682    0.68%x_ENSP0000035531 D    576    574    113
    577   430        cutoff            256.1643      257.8980    44705    0.68%x_ENSP0000034883 U    577    576    114
    578   431      256.2817     7      256.1643      257.8980    44716    0.68%x_ENSP0000034883 D    578    576    114
    579   430        cutoff            256.1643      257.8980    44755    0.68%x_ENSP0000017063 U    579    578    115
    580   430      256.2778    25      256.1643      257.8980    44757    0.68%x_ENSP0000017063 D    580    578    115
    581   430      256.2775     9      256.1643      257.8980    44766    0.68%x_ENSP0000034878 D    581    580    116
Elapsed time = 5411.59 sec. (2785962.08 ticks, tree = 19.53 MB, solutions = 4)
    583   432      256.2712    10      256.1643      257.8980    44776    0.68%x_ENSP0000027293 D    583    582    118
    585   434      256.2353     7      256.1643      257.8980    44812    0.68%x_ENSP0000040425 D    585    584    120
    586   434      256.2100    20      256.1643      257.8980    44813    0.68%x_ENSP0000024205 D    586    585    121
    590   434      256.1774     4      256.1643      257.8980    44820    0.68%x_ENSP0000026073 D    590    589    125
    591   433        cutoff            256.1643      257.8980    44821    0.68%x_ENSP0000035653 D    591    590    126
    592   434      257.0798     7      256.1643      257.8959    45064    0.68%x_ENSP0000036998 U    592     17     14
    594   436      257.0646    63      256.1643      257.8959    45144    0.68%x_ENSP0000016422 D    594    593     16
    596   438      256.5782     7      256.1643      257.8959    46445    0.68%x_ENSMUSP0000002 N    596    595     18
    598   438      256.5729    96      256.1643      257.8959    46736    0.68%x_ENSMUSP0000002 D    598    596     19
    599   439      256.2333    20      256.1643      257.8959    47137    0.68%x_ENSMUSP0000002 U    599    596     19
Elapsed time = 5725.50 sec. (2896684.33 ticks, tree = 19.77 MB, solutions = 4)
    601   441      256.5676    75      256.1643      257.8959    47264    0.68%mm_ENSMUSP000000 D    601    600     21
    603   441        cutoff            256.1643      257.8959    47497    0.68%mm_ENSMUSP000000 U    603    601     22
    606   444      256.5611    76      256.1643      257.8959    47569    0.68%x_ENSP0000039653 D    606    605     25
    608   446      256.5543    60      256.1643      257.8959    47707    0.68%x_ENSP0000035907 D    608    607     27
    611   449      256.5431     6      256.1643      257.8959    47864    0.68%x_ENSP0000035420 D    611    610     30
    614   452      256.5350     6      256.1643      257.8959    47949    0.68%z_ENSMUSP0000008 D    614    613     33
    616   452        cutoff            256.1643      257.8959    48104    0.68%          m_1335 U    616    614     34
    619   455      256.5333    12      256.1643      257.8959    48151    0.68%x_ENSMUSP0000005 D    619    618     37
    622   456        cutoff            256.1643      257.8959    48407    0.68%z_ENSMUSP0000012 U    622    620     39
    625   459      256.5145    40      256.1643      257.8959    48505    0.68%x_ENSP0000022913 D    625    624     42
Elapsed time = 5922.31 sec. (2956481.47 ticks, tree = 20.37 MB, solutions = 4)
    627   461      256.4852    51      256.1643      257.8959    48619    0.68%x_ENSP0000026323 U    627    626     44
    630   464      256.4770    27      256.1643      257.8959    48672    0.68%z_ENSMUSP0000002 D    630    629     47
    633   467      256.4742    15      256.1643      257.8959    48684    0.68%z_ENSMUSP0000009 D    633    632     50
    634   466        cutoff            256.1643      257.8959    49417    0.68%mm_ENSMUSP000000 N    634    633     51
    636   466      257.4684    36      256.1643      257.8954    49626    0.68%           m_769 D    636     13     12
    639   469      257.3887    16      256.1643      257.8954    49689    0.68%mm_ENSMUSP000000 D    639    638     15
    641   471      257.3479    18      256.1643      257.8954    49807    0.68%x_ENSP0000034107 U    641    640     17
    644   474      257.3381    18      256.1643      257.8954    49838    0.68%x_ENSP0000032881 D    644    643     20
    646   476      257.2907    18      256.1643      257.8954    49949    0.68%x_ENSMUSP0000005 D    646    645     22
    648   478      256.8563    34      256.1643      257.8954    50104    0.68%x_ENSP0000038678 D    648    647     24
Elapsed time = 6206.44 sec. (3041681.15 ticks, tree = 20.93 MB, solutions = 4)
    651   481      256.8480     6      256.1643      257.8954    50132    0.68%          m_4310 D    651    650     27
    654   484      256.7854     7      256.1643      257.8954    50210    0.68%x_ENSP0000035907 D    654    653     30
    657   487      256.7594    18      256.1643      257.8954    50251    0.68%z_ENSMUSP0000008 D    657    656     33
    660   490      256.7376     6      256.1643      257.8954    50286    0.68%x_ENSMUSP0000002 D    660    659     36
    663   493      256.6673     6      256.1643      257.8954    50367    0.68%          m_1770 D    663    662     39
    666   496      256.6050     6      256.1643      257.8954    50580    0.68%z_ENSMUSP0000012 D    666    665     42
    669   499      256.5978    21      256.1643      257.8954    50612    0.68%x_ENSP0000026655 D    669    668     45
    670   500      256.3827    15      256.1643      257.8954    50820    0.68%x_ENSP0000026323 N    670    669     46
    673   503      256.3739    27      256.1643      257.8954    50874    0.68%z_ENSMUSP0000011 D    673    672     49
    676   506      256.3699    22      256.1643      257.8954    50888    0.68%x_ENSMUSP0000002 D    676    675     52
Elapsed time = 6441.45 sec. (3102229.45 ticks, tree = 21.77 MB, solutions = 4)
    679   509      256.3574    17      256.1643      257.8954    50958    0.68%x_ENSP0000029214 D    679    678     55
    682   512      256.3557    15      256.1643      257.8954    50968    0.68%x_ENSP0000030257 D    682    681     58
    685   515      256.3535    28      256.1643      257.8954    50981    0.68%z_ENSMUSP0000009 D    685    684     61
    688   518      256.3460    14      256.1643      257.8954    51014    0.68%mm_ENSP000002420 D    688    687     64
    691   521      256.3284    10      256.1643      257.8954    51074    0.68%x_ENSP0000030069 D    691    690     67
    693   523      256.3164    11      256.1643      257.8954    51168    0.68%x_ENSMUSP0000011 D    693    692     69
    696   526      256.3078     9      256.1643      257.8954    51202    0.68%x_ENSP0000032134 D    696    695     72
    697   526      256.2936    41      256.1643      257.8954    51264    0.68%x_ENSP0000021796 D    697    696     73
    699   527      256.2906    44      256.1643      257.8954    51296    0.68%x_ENSP0000029219 D    699    698     75
    702   530      256.2875    42      256.1643      257.8954    51323    0.68%x_ENSP0000022583 D    702    701     78
Elapsed time = 6623.40 sec. (3167346.14 ticks, tree = 22.50 MB, solutions = 4)
    705   533      256.2565    10      256.1643      257.8954    51461    0.68%x_ENSP0000036573 D    705    704     81
    706   532        cutoff            256.1643      257.8954    51549    0.68%x_ENSP0000031928 N    706    705     82
    708   532      257.3312    18      256.1643      257.7813    51793    0.63%           m_769 U    708     13     12
    710   534      257.2296    31      256.1643      257.7813    51917    0.63%x_ENSP0000036998 D    710    709     14
    713   537      257.0090    17      256.1643      257.7813    52124    0.63%x_ENSMUSP0000006 U    713    712     17
    715   539      256.8959    37      256.1643      257.7813    52248    0.63%x_ENSMUSP0000009 U    715    714     19
    718   542      256.5904    14      256.1643      257.7813    52405    0.63%x_ENSP0000038678 U    718    717     22
    720   544      256.4665    16      256.1643      257.7813    52508    0.63%x_ENSP0000023044 D    720    719     24
    722   546      256.3614    11      256.1643      257.7813    52580    0.63%x_ENSP0000027243 D    722    721     26
    724   548      256.2809    10      256.1643      257.7813    52617    0.63%mm_ENSMUSP000000 U    724    723     28
Elapsed time = 6816.86 sec. (3221453.07 ticks, tree = 23.04 MB, solutions = 4)
    727   551      256.1851    10      256.1643      257.7813    52649    0.63%x_ENSP0000031928 D    727    726     31
    730   550        cutoff            256.1643      257.7813    52658    0.63%mm_ENSP000003452 D    730    728     33
    732   552      257.4529    62      256.1643      257.7774    52886    0.63%x_ENSMUSP0000006 U    732    731      7
    733   553      257.3518    12      256.1643      257.7774    53028    0.63%x_ENSP0000034107 U    733    732      8
    735   555      257.2903    30      256.1643      257.7774    53103    0.63%x_ENSP0000036998 D    735    734     10
    737   557      257.0733     5      256.1643      257.7774    53283    0.63%x_ENSP0000038678 D    737    736     12
    739   559      257.0222    44      256.1643      257.7774    53379    0.63%mm_ENSMUSP000000 U    739    738     14
    742   562      257.0076    26      256.1643      257.7774    53407    0.63%x_ENSP0000026232 D    742    741     17
    745   565      256.9020     9      256.1643      257.7774    53599    0.63%x_ENSP0000025649 D    745    744     20
    746   566      256.8237    15      256.1643      257.7774    54824    0.63%x_ENSP0000026708 N    746    745     21
Elapsed time = 7252.86 sec. (3319971.00 ticks, tree = 23.58 MB, solutions = 4)
    747   567      256.5378    33      256.1643      257.7774    55412    0.63%          m_3617 U    747    746     22
    748   568      256.5054    26      256.1643      257.7774    55664    0.63%mm_ENSMUSP000000 U    748    747     23
    749   569      256.4167    15      256.1643      257.7774    55820    0.63%x_ENSP0000036409 U    749    748     24
    751   571      256.3901    17      256.1643      257.7774    55898    0.63%x_ENSP0000036573 D    751    750     26
    754   574      256.3347    21      256.1643      257.7774    55968    0.63%x_ENSP0000029612 D    754    753     29
*   756+  533                          256.2794      257.7774    56046    0.58%
    756   533      256.2794     0      256.2794      257.7774    56046    0.58%x_ENSP0000001165 D    756    755     31
    758   533      257.7353    13      256.2794      257.7559    56264    0.58%x_ENSP0000025649 U    758    145      7
    760   535      257.6844     1      256.2794      257.7559    56460    0.58%x_ENSMUSP0000008 D    760    759      9
    763   538      257.6592     8      256.2794      257.7559    56592    0.58%mm_ENSMUSP000000 D    763    762     12
    766   541      257.6379     5      256.2794      257.7559    56647    0.58%x_ENSP0000026152 D    766    765     15
Elapsed time = 7518.94 sec. (3379871.53 ticks, tree = 22.88 MB, solutions = 5)
    768   543      257.5815     5      256.2794      257.7559    56765    0.58%z_ENSMUSP0000002 D    768    767     17
    770   545      257.5466     7      256.2794      257.7559    56889    0.58%x_ENSP0000016422 D    770    769     19
    773   548      257.5243    16      256.2794      257.7559    56959    0.58%x_ENSP0000030030 D    773    772     22
    776   551      257.5008    10      256.2794      257.7559    56995    0.58%z_ENSMUSP0000008 D    776    775     25
    779   554      257.4919    10      256.2794      257.7559    57015    0.58%mm_ENSMUSP000000 D    779    778     28
    782   557      257.4767    14      256.2794      257.7559    57050    0.58%x_ENSP0000033117 D    782    781     31
    785   560      257.4699    11      256.2794      257.7559    57065    0.58%mm_ENSP000003809 D    785    784     34
    786   559        cutoff            256.2794      257.7559    57755    0.58%mm_ENSP000002420 N    786    785     35
    788   557        cutoff            256.2794      257.7500    58041    0.57%x_ENSMUSP0000006 D    788     68      9
    790   559      257.2847    65      256.2794      257.7315    58141    0.57%x_ENSP0000034846 D    790    789      9
Elapsed time = 7911.30 sec. (3470621.50 ticks, tree = 23.43 MB, solutions = 5)
    792   561      257.0015     7      256.2794      257.7315    58213    0.57%x_ENSP0000034107 U    792    791     11
    794   563      256.8654     6      256.2794      257.7315    58347    0.57%x_ENSMUSP0000009 U    794    793     13
    796   565      256.7813     5      256.2794      257.7315    58458    0.57%x_ENSP0000036409 D    796    795     15
    799   568      256.7455    10      256.2794      257.7315    58500    0.57%x_ENSP0000032881 D    799    798     18
    801   570      256.6683     2      256.2794      257.7315    58568    0.57%x_ENSP0000034093 D    801    800     20
    803   572      256.5806     6      256.2794      257.7315    58638    0.57%z_ENSMUSP0000005 U    803    802     22
    806   575      256.5761     5      256.2794      257.7315    58648    0.57%x_ENSMUSP0000000 D    806    805     25
    807   575      256.5633     9      256.2794      257.7315    58659    0.57%mm_ENSMUSP000000 U    807    806     26
    809   576      256.5483     3      256.2794      257.7315    58681    0.57%x_ENSMUSP0000003 D    809    808     28
    812   577        cutoff            256.2794      257.7315    58698    0.57%x_ENSMUSP0000003 D    812    811     31
Elapsed time = 8345.29 sec. (3550637.02 ticks, tree = 24.00 MB, solutions = 5)
    814   575        cutoff            256.2794      257.7273    58902    0.56%x_ENSP0000034107 U    814     73     13
    815   576      257.5042    12      256.2794      257.7273    59153    0.56%x_ENSMUSP0000002 D    815      1      2
    817   578      257.4153    50      256.2794      257.7273    59323    0.56%x_ENSMUSP0000008 D    817    816      4
    819   580      257.3879     7      256.2794      257.7273    59385    0.56%mm_ENSMUSP000000 D    819    818      6
    821   582      257.3650     6      256.2794      257.7273    59503    0.56%x_ENSP0000021923 U    821    820      8
    824   585      257.3305    33      256.2794      257.7273    59614    0.56%x_ENSP0000039653 D    824    823     11
    825   586      257.3260    24      256.2794      257.7273    59644    0.56%x_ENSP0000026191 D    825    824     12
    827   588      257.3080    13      256.2794      257.7273    59672    0.56%z_ENSMUSP0000002 D    827    826     14
    829   590      257.2437     5      256.2794      257.7273    59820    0.56%x_ENSP0000039435 U    829    828     16
    830   589        cutoff            256.2794      257.7273    59831    0.56%z_ENSMUSP0000001 N    830    829     17
Elapsed time = 8959.71 sec. (3727589.51 ticks, tree = 24.36 MB, solutions = 5)
    833   586        cutoff            256.2794      257.7255    60236    0.56%x_ENSMUSP0000008 U    833    759      9
    835   586      257.5943    36      256.2794      257.7179    60321    0.56%x_ENSP0000038678 U    835    149     11
    838   589      257.5361    39      256.2794      257.7179    60372    0.56%x_ENSP0000039653 D    838    837     14
    841   592      257.4883    53      256.2794      257.7179    60427    0.56%x_ENSP0000016422 D    841    840     17
    843   594      257.4705    61      256.2794      257.7179    60513    0.56%x_ENSP0000033117 D    843    842     19
    846   597      257.4573    39      256.2794      257.7179    60618    0.56%x_ENSP0000026754 D    846    845     22
    848   599      257.4542    32      256.2794      257.7179    60684    0.56%x_ENSP0000030984 D    848    847     24
    850   601      257.4457    30      256.2794      257.7179    60768    0.56%x_ENSP0000032881 D    850    849     26
    853   604      257.4432    30      256.2794      257.7179    60783    0.56%x_ENSP0000031928 D    853    852     29
    856   607      257.4402    12      256.2794      257.7179    60819    0.56%          m_4310 D    856    855     32
Elapsed time = 9513.27 sec. (3788069.18 ticks, tree = 24.88 MB, solutions = 5)
    858   609      257.4334     6      256.2794      257.7179    60888    0.56%x_ENSP0000035907 D    858    857     34
    861   612      257.4253     6      256.2794      257.7179    60929    0.56%x_ENSMUSP0000002 D    861    860     37
    864   615      257.4092    16      256.2794      257.7179    60980    0.56%x_ENSP0000023984 D    864    863     40
    866   617      257.3951    52      256.2794      257.7179    61047    0.56%x_ENSP0000026323 U    866    865     42
    869   620      257.3931     1      256.2794      257.7179    61069    0.56%x_ENSP0000028996 U    869    868     45
    872   623      257.3749     6      256.2794      257.7179    61139    0.56%x_ENSP0000030293 D    872    871     48
    874   625      257.2064    15      256.2794      257.7179    61355    0.56%z_ENSMUSP0000009 N    874    873     50
    876   627      257.2018    62      256.2794      257.7179    61394    0.56%           m_246 D    876    875     52
    878   629      257.2001    61      256.2794      257.7179    61417    0.56%x_ENSP0000027243 D    878    877     54
    881   632      257.1944     4      256.2794      257.7179    61462    0.56%x_ENSP0000037794 D    881    880     57
Elapsed time = 9804.02 sec. (3849182.68 ticks, tree = 25.64 MB, solutions = 5)
    884   635      257.1919    32      256.2794      257.7179    61493    0.56%x_ENSP0000026147 D    884    883     60
    886   637      257.1819    28      256.2794      257.7179    61524    0.56%x_ENSP0000029214 D    886    885     62
    889   640      257.1749    18      256.2794      257.7179    61567    0.56%z_ENSMUSP0000000 D    889    888     65
    892   643      257.1579    12      256.2794      257.7179    61640    0.56%x_ENSP0000021923 U    892    891     68
    894   645      257.1352    15      256.2794      257.7179    61753    0.56%mm_ENSMUSP000000 D    894    893     70
    896   647      257.1205    46      256.2794      257.7179    61819    0.56%x_ENSMUSP0000007 D    896    895     72
    899   650      257.1009    48      256.2794      257.7179    61916    0.56%x_ENSP0000030257 D    899    898     75
    902   653      257.0961    12      256.2794      257.7179    61928    0.56%x_ENSP0000020030 D    902    901     78
    904   655      257.0780     8      256.2794      257.7179    62011    0.56%x_ENSP0000025874 D    904    903     80
    907   658      257.0678     8      256.2794      257.7179    62054    0.56%mm_ENSP000002866 D    907    906     83
Elapsed time = 10006.45 sec. (3992626.84 ticks, tree = 26.42 MB, solutions = 5)
    910   661      257.0537     9      256.2794      257.7179    62107    0.56%z_ENSMUSP0000002 D    910    909     86
    913   664      257.0319    13      256.2794      257.7179    62169    0.56%z_ENSMUSP0000003 D    913    912     89
    915   666      256.8383    14      256.2794      257.7179    62301    0.56%mm_ENSP000003512 N    915    914     91
    918   669      256.7320     7      256.2794      257.7179    62401    0.56%x_ENSP0000035280 D    918    917     94
    921   672      256.6203     1      256.2794      257.7179    62505    0.56%x_ENSMUSP0000004 D    921    920     97
    923   674      256.5953     3      256.2794      257.7179    62532    0.56%x_ENSMUSP0000005 U    923    922     99
    925   676      256.3960    20      256.2794      257.7179    62682    0.56%x_ENSMUSP0000002 D    925    924    101
    927   676        cutoff            256.2794      257.7179    62723    0.56%mm_ENSMUSP000000 D    927    926    103
    929   674        cutoff            256.2794      257.7146    62809    0.56%x_ENSP0000034107 D    929     73     13
    930   675      256.5929    21      256.2794      257.6970    63189    0.55%x_ENSMUSP0000010 U    930    758      8
Elapsed time = 10216.06 sec. (4068273.51 ticks, tree = 26.94 MB, solutions = 5)
    932   677      256.3484     6      256.2794      257.6970    63318    0.55%x_ENSMUSP0000003 U    932    931     10
    934   677        cutoff            256.2794      257.6970    63367    0.55%x_ENSMUSP0000005 U    934    933     12
    936   675        cutoff            256.2794      257.6920    63501    0.55%x_ENSP0000034846 U    936    150     12
    938   677      257.5546    93      256.2794      257.6843    63683    0.55%x_ENSP0000016422 D    938    937     15
    940   679      257.5425     7      256.2794      257.6843    63813    0.55%x_ENSMUSP0000006 U    940    939     17
    942   681      257.5377    89      256.2794      257.6843    63929    0.55%x_ENSP0000030984 D    942    941     19
    944   683      257.5336     6      256.2794      257.6843    64010    0.55%x_ENSP0000039653 D    944    943     21
    946   685      257.5304    60      256.2794      257.6843    64092    0.55%x_ENSP0000026754 D    946    945     23
    947   686      257.5208    47      256.2794      257.6843    64241    0.55%x_ENSP0000032881 D    947    946     24
    949   688      257.5117    37      256.2794      257.6843    64373    0.55%x_ENSP0000026232 D    949    948     26
Elapsed time = 10368.50 sec. (4116766.00 ticks, tree = 27.34 MB, solutions = 5)
    952   691      257.4995    12      256.2794      257.6843    64442    0.55%z_ENSMUSP0000002 D    952    951     29
    954   693      257.4451     1      256.2794      257.6843    64606    0.55%x_ENSP0000026708 U    954    953     31
    955   694      257.3062    25      256.2794      257.6843    65180    0.55%x_ENSMUSP0000008 U    955    954     32
    957   696      257.2615    10      256.2794      257.6843    65281    0.55%x_ENSP0000026323 U    957    956     34
    960   699      257.2404     5      256.2794      257.6843    65338    0.55%z_ENSMUSP0000009 D    960    959     37
    963   700        cutoff            256.2794      257.6843    65781    0.55%x_ENSMUSP0000005 N    963    962     40
    965   700      256.7708    15      256.2794      257.6823    66402    0.55%x_ENSMUSP0000008 D    965    760     10
    967   702      256.7624     8      256.2794      257.6823    66465    0.55%x_ENSP0000030030 D    967    966     12
    969   704      256.7203     5      256.2794      257.6823    66696    0.55%x_ENSMUSP0000002 D    969    968     14
    971   706      256.6920     2      256.2794      257.6823    66822    0.55%          m_2221 U    971    970     16
Elapsed time = 10624.09 sec. (4195496.34 ticks, tree = 27.88 MB, solutions = 5)
    973   708      256.6577     1      256.2794      257.6823    66978    0.55%x_ENSP0000032881 D    973    972     18
    975   710      256.6492     9      256.2794      257.6823    67036    0.55%mm_ENSMUSP000000 U    975    974     20
    977   712      256.6314     9      256.2794      257.6823    67093    0.55%x_ENSMUSP0000003 D    977    976     22
    980   715      256.6252     2      256.2794      257.6823    67100    0.55%x_ENSMUSP0000001 D    980    979     25
    981   716      256.4672     5      256.2794      257.6823    67105    0.55%x_ENSMUSP0000003 D    981    980     26
    982   715        cutoff            256.2794      257.6823    67129    0.55%x_ENSP0000038678 U    982    981     27
    984   715      256.9913    19      256.2794      257.6779    67400    0.55%x_ENSP0000030030 U    984    151     13
    986   717      256.9704    17      256.2794      257.6779    67420    0.55%x_ENSP0000039653 D    986    985     15
    988   719      256.7915    10      256.2794      257.6779    67508    0.55%x_ENSP0000023044 D    988    987     17
    991   722      256.7433    39      256.2794      257.6779    67560    0.55%x_ENSP0000016422 D    991    990     20
Elapsed time = 10800.03 sec. (4246575.32 ticks, tree = 28.37 MB, solutions = 5)
    994   725      256.6929     9      256.2794      257.6779    67594    0.55%x_ENSMUSP0000002 D    994    993     23
    997   728      256.6626    10      256.2794      257.6779    67609    0.55%x_ENSP0000001165 D    997    996     26
   1000   731      256.6105    10      256.2794      257.6779    67662    0.55%z_ENSMUSP0000008 D   1000    999     29
   1002   733      256.5797     9      256.2794      257.6779    67753    0.55%x_ENSMUSP0000006 U   1002   1001     31
   1005   736      256.5697     9      256.2794      257.6779    67781    0.55%mm_ENSP000003809 D   1005   1004     34
   1007   738      256.5539     1      256.2794      257.6779    67832    0.55%z_ENSMUSP0000012 D   1007   1006     36
   1009   740      256.5419    20      256.2794      257.6779    67875    0.55%mm_ENSMUSP000000 D   1009   1008     38
   1010   739        cutoff            256.2794      257.6779    68230    0.55%x_ENSP0000035907 N   1010   1009     39
   1012   739      256.7579    15      256.2794      257.6775    68619    0.55%mm_ENSMUSP000000 U   1012    761     11
   1014   741      256.6455    14      256.2794      257.6775    68833    0.55%x_ENSMUSP0000002 D   1014   1013     13
Elapsed time = 11040.64 sec. (4315021.33 ticks, tree = 28.94 MB, solutions = 5)
   1016   743      256.5996    13      256.2794      257.6775    68921    0.55%x_ENSP0000026152 D   1016   1015     15
   1018   745      256.3386     9      256.2794      257.6775    68976    0.55%x_ENSP0000038678 U   1018   1017     17
   1020   745        cutoff            256.2794      257.6775    69049    0.55%x_ENSP0000026191 D   1020   1019     19
   1022   745      256.9116    39      256.2794      257.6774    69160    0.55%x_ENSP0000036998 U   1022    148     10
   1024   747      256.8908    32      256.2794      257.6774    69217    0.55%x_ENSP0000034107 U   1024   1023     12
   1026   749      256.8720    27      256.2794      257.6774    69244    0.55%x_ENSP0000039653 D   1026   1025     14
   1028   749      256.8675    19      256.2794      257.6774    69382    0.55%mm_ENSMUSP000000 D   1028   1026     15
   1031   750        cutoff            256.2794      257.6774    69488    0.55%x_ENSP0000000534 U   1031   1029     17
   1034   753      256.8499     9      256.2794      257.6774    69549    0.55%x_ENSP0000026232 D   1034   1033     20
   1037   756      256.8359     4      256.2794      257.6774    69600    0.55%x_ENSP0000000953 D   1037   1036     23
Elapsed time = 11235.69 sec. (4363802.94 ticks, tree = 29.40 MB, solutions = 5)
   1039   758      256.8072    14      256.2794      257.6774    69841    0.55%x_ENSP0000034320 U   1039   1037     24
   1041   760      256.7974     5      256.2794      257.6774    69896    0.55%mm_ENSP000003568 U   1041   1040     26
   1042   761      256.7707     2      256.2794      257.6774    70106    0.55%          m_2221 U   1042   1041     27
   1044   761        cutoff            256.2794      257.6774    70402    0.55%x_ENSMUSP0000003 U   1044   1042     28
   1046   763      256.7364     1      256.2794      257.6774    70516    0.55%z_ENSMUSP0000005 U   1046   1045     30
   1049   766      256.7235     2      256.2794      257.6774    70548    0.55%x_ENSP0000034582 D   1049   1048     33
   1051   766        cutoff            256.2794      257.6774    70711    0.55%x_ENSMUSP0000003 U   1051   1049     34
   1054   767        cutoff            256.2794      257.6774    70728    0.55%x_ENSMUSP0000003 D   1054   1053     37
   1056   767      256.7458    46      256.2794      257.6740    70921    0.54%mm_ENSMUSP000000 U   1056    147      9
   1058   769      256.7215    24      256.2794      257.6740    70953    0.54%x_ENSP0000034846 D   1058   1057     11
Elapsed time = 11449.13 sec. (4422623.76 ticks, tree = 29.79 MB, solutions = 5)
   1060   771      256.7110    32      256.2794      257.6740    70984    0.54%x_ENSMUSP0000006 D   1060   1059     13
   1063   772        cutoff            256.2794      257.6740    71696    0.54%x_ENSP0000030030 N   1063   1062     16
   1065   772      257.1517    93      256.2794      257.6736    71968    0.54%x_ENSP0000034107 D   1065    472     16
   1067   774      257.1429    74      256.2794      257.6736    72073    0.54%mm_ENSMUSP000000 D   1067   1066     18
   1069   776      257.1415    63      256.2794      257.6736    72114    0.54%x_ENSP0000039653 D   1069   1068     20
   1071   778      257.1336    34      256.2794      257.6736    72213    0.54%x_ENSP0000026754 D   1071   1070     22
   1073   780      257.1306    25      256.2794      257.6736    72234    0.54%x_ENSP0000026191 D   1073   1072     24
   1075   782      257.1142    23      256.2794      257.6736    72306    0.54%x_ENSP0000030257 D   1075   1074     26
   1077   784      257.1020    20      256.2794      257.6736    72338    0.54%x_ENSP0000030293 D   1077   1076     28
   1079   786      257.0962    20      256.2794      257.6736    72376    0.54%x_ENSP0000026147 D   1079   1078     30
Elapsed time = 11750.51 sec. (4506105.28 ticks, tree = 30.31 MB, solutions = 5)
   1081   788      256.9565    34      256.2794      257.6736    72446    0.54%x_ENSMUSP0000010 D   1081   1080     32
   1083   790      256.9490    20      256.2794      257.6736    72469    0.54%x_ENSMUSP0000003 D   1083   1082     34
   1085   792      256.9001    19      256.2794      257.6736    72586    0.54%x_ENSP0000027229 D   1085   1084     36
   1087   794      256.9000    21      256.2794      257.6736    72603    0.54%x_ENSP0000000953 D   1087   1086     38
   1089   796      256.8759    21      256.2794      257.6736    72699    0.54%x_ENSP0000033117 D   1089   1088     40
   1091   798      256.8610    20      256.2794      257.6736    72793    0.54%x_ENSMUSP0000002 D   1091   1090     42
   1093   800      256.8548    20      256.2794      257.6736    72828    0.54%x_ENSMUSP0000008 D   1093   1092     44
   1096   803      256.8169    19      256.2794      257.6736    73022    0.54%z_ENSMUSP0000012 D   1096   1095     47
   1098   805      256.8144    48      256.2794      257.6736    73048    0.54%x_ENSP0000026323 U   1098   1097     49
   1100   807      256.8135    43      256.2794      257.6736    73072    0.54%x_ENSP0000033444 D   1100   1099     51
Elapsed time = 11941.26 sec. (4555870.81 ticks, tree = 32.59 MB, solutions = 5)
   1103   810      256.8111    19      256.2794      257.6736    73090    0.54%x_ENSMUSP0000002 D   1103   1102     54
   1106   813      256.8076    28      256.2794      257.6736    73115    0.54%x_ENSP0000041578 D   1106   1105     57

User cuts applied:  28423

Root node processing (before b&c):
  Real time             =  433.17 sec. (160616.99 ticks)
Sequential b&c:
  Real time             = 11569.93 sec. (4410010.10 ticks)
                          ------------
Total (root+branch&cut) = 12003.10 sec. (4570627.09 ticks)
Solved in 12007s
	Command being timed: "timeout 12500s /home/hsoueidan/xheinz/build/xHeinz_git_user_cuts -n1 24h/mouse_MA_scores_0.01_corrected_ensp_induced.tsv -n2 24h/human_MA_scores_0.01_corrected_ensp_induced.tsv -e1 /home/hsoueidan/xheinz/data/Th17/STRING/mmu-no_UBC.txt -e2 /home/hsoueidan/xheinz/data/Th17/STRING/hsa-no_UBC_no_SUMO2.txt -t 12000 -rt 2000 -cog data/ensembl_cog_ALL.tsv -a 0.3"
	User time (seconds): 11755.40
	System time (seconds): 194.74
	Percent of CPU this job got: 99%
	Elapsed (wall clock) time (h:mm:ss or m:ss): 3:20:27
	Average shared text size (kbytes): 0
	Average unshared data size (kbytes): 0
	Average stack size (kbytes): 0
	Average total size (kbytes): 0
	Maximum resident set size (kbytes): 38042608
	Average resident set size (kbytes): 0
	Major (requiring I/O) page faults: 1
	Minor (reclaiming a frame) page faults: 5401297
	Voluntary context switches: 894
	Involuntary context switches: 28821
	Swaps: 0
	File system inputs: 1352
	File system outputs: 704
	Socket messages sent: 0
	Socket messages received: 0
	Signals delivered: 0
	Page size (bytes): 4096
	Exit status: 0
